6.08176e+06
8.57594e+06
5.58482e+06
5.74941e+06
4.91912e+06
9.40428e+06
4.4007e+06
4.23565e+06
4.77881e+06
6.09358e+06
6.3104e+06
4.93596e+06
2.93039e+06
4.56603e+06
7.74748e+06
6.14457e+06
2.30048e+07
1.29886e+07
6.89658e+06
1.17819e+07
7.16829e+06
1.31705e+07
8.19418e+06
8.24316e+06
4.53275e+06
4.58362e+06
1.22084e+07
7.34515e+06
2.98136e+06
4.90689e+06
9.1313e+06
1.03358e+07
2.78028e+06
5.01738e+06
5.73893e+06
6.99891e+06
8.99958e+06
7.03155e+06
6.13452e+06
4.32644e+06
3.65828e+06
1.01479e+07
6.06892e+06
1.10643e+07
8.87674e+06
5.31341e+06
8.40524e+06
2.85481e+06
7.77831e+06
5.03519e+06
9.94209e+06
1.08021e+07
5.10103e+06
4.65491e+06
6.91737e+06
7.21517e+06
5.52215e+06
1.77349e+07
4.33512e+06
1.31308e+07
5.53678e+06
9.54552e+06
6.00862e+06
1.33807e+07
3.61992e+06
1.04538e+07
9.90369e+06
9.0138e+06
2.22997e+06
7.3703e+06
5.82121e+06
1.10241e+07
3.0852e+06
1.09449e+07
4.69419e+06
5.85055e+06
1.29912e+07
5.4034e+06
2.1387e+06
1.05211e+07
6.56877e+06
6.45574e+06
9.55343e+06
7.2684e+06
1.00044e+07
6.27221e+06
5.5713e+06
7.92866e+06
1.43165e+07
4.79197e+06
7.4548e+06
7.87881e+06
6.62503e+06
2.40526e+06
1.37217e+07
8.04905e+06
7.05528e+06
8.79358e+06
4.88067e+06
6.30165e+06
5.66855e+06
8.29755e+06
4.9893e+06
3.37585e+06
2.94783e+06
5.23738e+06
4.88854e+06
5.71228e+06
9.96081e+06
7.43603e+06
5.22749e+06
1.97853e+06
9.32517e+06
6.88479e+06
9.54985e+06
6.293e+06
1.19872e+07
6.86016e+06
8.07172e+06
8.40705e+06
5.79707e+06
5.60006e+06
6.30597e+06
6.68575e+06
9.65287e+06
9.1689e+06
4.88351e+06
6.99777e+06
2.22975e+06
1.25797e+07
5.0434e+06
7.65629e+06
1.57051e+07
8.7744e+06
8.97168e+06
6.20461e+06
3.24475e+06
5.63554e+06
8.6098e+06
1.02292e+07
1.97011e+07
7.89112e+06
6.11106e+06
9.8198e+06
6.5131e+06
4.2188e+06
2.83663e+06
1.12669e+07
8.90839e+06
6.72611e+06
6.78382e+06
8.22865e+06
7.48589e+06
6.71455e+06
6.52727e+06
5.89343e+06
4.94165e+06
6.47286e+06
4.5304e+06
5.2657e+06
1.33312e+07
9.65287e+06
5.29369e+06
8.81074e+06
7.00186e+06
5.28881e+06
4.4034e+06
7.91546e+06
6.42755e+06
8.88795e+06
9.65287e+06
7.7907e+06
3.08372e+06
4.92973e+06
2.39123e+07
2.54993e+06
5.78664e+06
3.04536e+06
4.42722e+06
9.16414e+06
4.87527e+06
1.02542e+07
3.73782e+06
5.50009e+06
1.23451e+07
5.04867e+06
9.95304e+06
7.32652e+06
8.73567e+06
1.49635e+07
1.51595e+07
6.05626e+06
2.86344e+06
4.04097e+06
1.09917e+07
4.53966e+06
2.29587e+06
8.32254e+06
1.38696e+07
1.2873e+07
1.26812e+07
2.22997e+06
8.00007e+06
5.0792e+06
2.03122e+07
3.2172e+06
5.93092e+06
2.39306e+06
9.96551e+06
9.58584e+06
5.91659e+06
8.81096e+06
9.20217e+06
5.21585e+06
4.7474e+06
1.63587e+07
2.6649e+07
5.55266e+06
3.7242e+06
1.64891e+07
6.0694e+06
7.94974e+06
7.85108e+06
1.17856e+07
2.80075e+06
7.12405e+06
5.26824e+06
9.66338e+06
7.67338e+06
3.82446e+06
1.30292e+07
9.87887e+06
3.0741e+07
3.52095e+06
1.52307e+07
5.29656e+06
6.83398e+06
4.98522e+06
4.19004e+06
6.86217e+06
6.32746e+06
4.09406e+06
9.58584e+06
8.31578e+06
1.04943e+07
1.28087e+07
7.85038e+06
5.69279e+06
7.37238e+06
6.55713e+06
1.31938e+07
6.29057e+06
1.23704e+07
1.03487e+07
1.18053e+07
3.5754e+06
3.60027e+06
6.76129e+06
3.70249e+06
7.18753e+06
6.67398e+06
5.86085e+06
4.83057e+06
7.29113e+06
8.65072e+06
3.30631e+06
7.53072e+06
8.72558e+06
3.97185e+06
5.11572e+06
9.79644e+06
6.88739e+06
6.04532e+06
1.74856e+07
1.86819e+07
6.54296e+06
7.00236e+06
2.84139e+06
6.98972e+06
1.11552e+07
3.95758e+06
3.9497e+06
6.75154e+06
5.01282e+06
1.12094e+07
7.97942e+06
3.82657e+06
1.12429e+07
7.02695e+06
1.41658e+07
6.05152e+06
5.98166e+06
3.67636e+06
6.52293e+06
5.91903e+06
8.96016e+06
6.25324e+06
2.9119e+06
8.97691e+06
7.40279e+06
5.55599e+06
7.70724e+06
3.95031e+06
6.28408e+06
9.28442e+06
6.48655e+06
8.85579e+06
6.85578e+06
5.38262e+06
5.43456e+06
3.59697e+06
5.90826e+06
4.15621e+06
5.8198e+06
6.32838e+06
7.11841e+06
5.51121e+06
9.54759e+06
7.1022e+06
1.4899e+07
1.33085e+07
1.4116e+07
1.15585e+07
1.4344e+07
2.88178e+06
1.02269e+07
1.16757e+07
6.14404e+06
2.15585e+07
2.27657e+06
2.93696e+06
1.00345e+07
6.85685e+06
5.8912e+06
1.06272e+07
4.71568e+06
1.16268e+07
4.53902e+06
7.37824e+06
2.57632e+06
2.66965e+06
4.41766e+06
1.02898e+07
2.26121e+06
9.44946e+06
1.03144e+07
5.60512e+06
2.56022e+07
9.11709e+06
7.823e+06
3.45257e+06
5.16493e+06
6.72656e+06
5.80061e+06
5.43463e+06
5.49798e+06
8.7839e+06
7.47795e+06
7.48868e+06
6.98298e+06
4.20175e+06
7.90626e+06
6.3791e+06
5.43757e+06
2.95853e+06
5.62755e+06
1.18129e+07
1.52171e+07
7.62894e+06
6.07575e+06
5.87163e+06
1.2405e+07
4.49353e+06
5.91818e+06
8.62884e+06
4.7811e+06
3.77008e+06
4.13673e+06
7.45191e+06
4.48692e+06
6.10569e+06
8.08927e+06
1.07256e+07
2.16329e+06
4.2247e+06
5.83767e+06
6.20536e+06
1.00755e+07
8.24708e+06
3.91759e+06
7.29139e+06
8.64582e+06
7.02657e+06
5.45901e+06
9.98684e+06
6.67771e+06
1.6154e+06
6.92759e+06
4.08485e+06
3.31903e+06
-197001.0
6.96111e+06
5.21553e+06
8.563e+06
5.57297e+06
9.76438e+06
6.32858e+06
2.18062e+06
8.04386e+06
2.88972e+06
5.78623e+06
5.5703e+06
7.41287e+06
4.96936e+06
4.34095e+06
5.95123e+06
4.5617e+06
3.59404e+06
3.62724e+06
4.20337e+06
6.05842e+06
4.14617e+06
4.83713e+06
1.00541e+07
7.20315e+06
7.77496e+06
2.86407e+06
7.74869e+06
2.40526e+06
8.52325e+06
8.78834e+06
5.78623e+06
2.86693e+06
1.70414e+07
4.50449e+06
1.26754e+07
7.49039e+06
4.50943e+06
7.14574e+06
1.63782e+07
3.96542e+06
7.11536e+06
5.11487e+06
9.68702e+06
4.38212e+06
3.94781e+06
5.35554e+06
3.82815e+06
5.69521e+06
3.10088e+06
5.97889e+06
1.51545e+07
6.70643e+06
9.25198e+06
5.74532e+06
5.99368e+06
9.44478e+06
1.20263e+07
4.39563e+06
5.02902e+06
1.37816e+07
6.65642e+06
7.19178e+06
9.24191e+06
4.00253e+06
9.81595e+06
7.00141e+06
7.92552e+06
2.51432e+06
8.2318e+06
4.74807e+06
4.37869e+06
9.2807e+06
7.9881e+06
9.51024e+06
6.24098e+06
4.42644e+06
2.06135e+07
6.60193e+06
6.14738e+06
5.14033e+06
7.47118e+06
1.00972e+07
5.44256e+06
1.82907e+07
8.7249e+06
7.00836e+06
9.19303e+06
8.54261e+06
3.09461e+06
3.7179e+06
7.2722e+06
8.41414e+06
1.04187e+07
2.54252e+06
2.63181e+06
6.53439e+06
9.72644e+06
2.65942e+06
5.35246e+06
5.24073e+06
7.33571e+06
5.46974e+06
7.40843e+06
5.36574e+06
3.05875e+06
7.08824e+06
5.5714e+06
7.36837e+06
3.3414e+06
5.78623e+06
3.69875e+06
9.91417e+06
8.75283e+06
7.3581e+06
6.47929e+06
1.37569e+07
1.10508e+07
3.12404e+06
8.75852e+06
5.0902e+06
7.74473e+06
6.04532e+06
6.86368e+06
4.21758e+06
8.27978e+06
6.12824e+06
6.12465e+06
1.06035e+07
1.19844e+07
5.12834e+06
3.21085e+06
8.32177e+06
5.30246e+06
5.22872e+06
5.95865e+06
6.55124e+06
4.21296e+06
5.6634e+06
7.00495e+06
1.54034e+07
5.13078e+06
4.00321e+06
9.87931e+06
5.60426e+06
4.62385e+06
8.40319e+06
1.2373e+07
2.07386e+07
9.65287e+06
4.25402e+06
6.05224e+06
6.14975e+06
4.41958e+06
-955953.0
9.88611e+06
6.99519e+06
1.06143e+07
9.56057e+06
8.70035e+06
6.8813e+06
8.75193e+06
4.94383e+06
2.07493e+07
4.11845e+06
9.20754e+06
5.46964e+06
4.10592e+06
3.73974e+06
6.70714e+06
3.98187e+06
7.60613e+06
1.60463e+07
7.85256e+06
4.25252e+06
3.93837e+06
7.68484e+06
6.85334e+06
3.29142e+06
1.57498e+07
5.85151e+06
5.98384e+06
1.2383e+07
5.01432e+06
8.42593e+06
3.34468e+06
7.28305e+06
6.5827e+06
5.90113e+06
3.15324e+06
5.10909e+06
1.00456e+07
4.37264e+06
7.69961e+06
3.99175e+06
4.39118e+06
2.54004e+06
2.8828e+06
1.00459e+07
2.18062e+06
6.9388e+06
6.90688e+06
1.04684e+07
5.88676e+06
4.96826e+06
3.94622e+06
6.52727e+06
2.93419e+06
1.2451e+07
4.71568e+06
9.63992e+06
1.30925e+07
3.65695e+06
3.94508e+06
7.13743e+06
6.68246e+06
2.94997e+07
3.01623e+06
7.32685e+06
6.05626e+06
8.81741e+06
4.52093e+06
1.44151e+07
1.17108e+07
1.04554e+07
1.88266e+07
6.31315e+06
4.19813e+06
7.06086e+06
7.77241e+06
5.82854e+06
1.07557e+07
4.14697e+06
9.90473e+06
7.56726e+06
4.41073e+06
9.05786e+06
1.03509e+07
6.20763e+06
3.51972e+06
2.56058e+06
3.16072e+06
9.06016e+06
6.29053e+06
3.32958e+06
2.4882e+06
4.89103e+06
8.37972e+06
5.76592e+06
4.09699e+06
6.56755e+06
1.17598e+07
1.69452e+07
5.50683e+06
6.90939e+06
4.19421e+06
1.33025e+07
9.08217e+06
7.50056e+06
1.33925e+07
7.52338e+06
9.50461e+06
4.25563e+06
4.68168e+06
7.89942e+06
2.81575e+06
8.65356e+06
7.57907e+06
9.80519e+06
5.51652e+06
2.97921e+06
5.8995e+06
5.69272e+06
1.24613e+07
6.16864e+06
2.35614e+06
8.47586e+06
5.27191e+06
7.6513e+06
4.35916e+06
1.12755e+07
7.52523e+06
8.19767e+06
3.82577e+06
4.27982e+06
5.65592e+06
5.82152e+06
2.87309e+06
4.06763e+06
5.25651e+06
5.88149e+06
6.39217e+06
6.10844e+06
1.26074e+07
9.54532e+06
7.4765e+06
6.81696e+06
8.1034e+06
4.26618e+06
9.51631e+06
7.11078e+06
1.54094e+07
3.77561e+06
8.39305e+06
4.16999e+06
4.71985e+06
4.04715e+06
8.39461e+06
7.33659e+06
8.02335e+06
2.52159e+06
5.12834e+06
9.60355e+06
3.71219e+06
3.96028e+06
5.719e+06
6.77619e+06
1.49324e+07
3.50592e+06
5.72486e+06
1.32047e+07
4.28119e+06
5.15527e+06
1.78593e+07
4.88866e+06
6.30165e+06
1.07928e+07
5.05868e+06
3.82757e+06
6.37463e+06
3.62458e+06
9.0267e+06
3.39986e+06
5.01928e+06
4.14631e+06
4.18169e+06
5.80779e+06
8.32796e+06
5.19717e+06
9.73679e+06
7.17931e+06
4.08485e+06
5.78623e+06
7.37697e+06
8.33578e+06
3.48588e+06
8.00804e+06
3.37611e+06
7.16678e+06
9.65628e+06
8.17436e+06
1.19947e+07
5.85151e+06
9.14581e+06
7.18347e+06
3.77312e+06
5.3581e+06
4.70552e+06
8.27437e+06
6.40124e+06
1.49325e+06
4.27244e+06
4.66683e+06
1.14158e+07
6.52727e+06
1.18598e+07
6.61086e+06
5.8714e+06
7.38285e+06
3.12452e+06
7.43603e+06
9.28826e+06
9.18552e+06
4.04124e+06
7.10093e+06
9.42451e+06
5.87411e+06
7.43603e+06
6.32858e+06
1.05771e+07
5.31655e+06
1.25415e+07
5.9097e+06
4.03517e+06
8.78703e+06
1.02696e+07
7.2989e+06
2.35548e+07
5.78623e+06
6.39392e+06
3.04884e+06
9.7526e+06
5.7265e+06
3.06251e+06
4.37578e+06
8.49255e+06
4.93967e+06
5.62613e+06
1.37725e+07
7.68458e+06
6.8562e+06
7.23579e+06
6.47823e+06
3.1545e+06
1.41046e+07
1.49313e+07
3.95534e+06
7.20593e+06
1.22346e+07
6.12465e+06
2.79084e+06
6.36981e+06
7.15434e+06
9.92468e+06
4.4116e+06
5.09321e+06
5.91662e+06
7.29446e+06
3.77756e+06
7.265e+06
3.14499e+06
2.14307e+07
1.05024e+07
4.45447e+06
3.82639e+06
9.40638e+06
6.42326e+06
6.41144e+06
5.86162e+06
6.06036e+06
7.24164e+06
7.25696e+06
3.25548e+06
5.97865e+06
8.01064e+06
7.96406e+06
5.71982e+07
4.84667e+06
4.42292e+06
1.44094e+07
6.50915e+06
9.41348e+06
1.1869e+07
1.62016e+07
9.36391e+06
7.18273e+06
6.84451e+06
7.21397e+06
7.38053e+06
4.59568e+06
6.6607e+06
4.19594e+06
2.62043e+06
8.41088e+06
1.10913e+07
4.28818e+06
1.27859e+07
8.37693e+06
5.41385e+06
5.40567e+06
4.2185e+06
9.43813e+06
9.09259e+06
8.09016e+06
4.80795e+06
4.29629e+06
8.86976e+06
9.40638e+06
5.60609e+06
3.03498e+06
3.20495e+06
5.14079e+06
3.89299e+06
7.79331e+06
1.14441e+07
5.46441e+06
3.57097e+06
6.11531e+06
1.05197e+07
5.40489e+06
8.12996e+06
9.32525e+06
4.69644e+06
5.54668e+06
2.65304e+06
6.44938e+06
8.48661e+06
5.16941e+06
9.58584e+06
2.96549e+06
2.12102e+06
2.71783e+06
6.10722e+06
1.06324e+07
7.0682e+06
4.11077e+06
1.07311e+07
6.84250e+06
6.74831e+06
5.64248e+06
5.60223e+06
6.41241e+06
6.52727e+06
6.94367e+06
5.18497e+06
3.34742e+07
4.64856e+06
6.51075e+06
4.41179e+06
7.08385e+06
3.05304e+07
1.37858e+07
7.9525e+06
1.19498e+07
5.23125e+06
4.34963e+06
4.85905e+06
4.35916e+06
9.17414e+06
8.77904e+06
6.32253e+06
4.317e+06
1.21138e+07
7.35373e+06
2.02785e+06
1.23542e+07
5.40977e+06
1.00702e+07
1.06095e+07
5.26207e+06
2.92626e+06
3.9431e+06
6.29493e+06
2.94204e+06
5.8198e+06
3.61199e+06
1.09465e+07
6.44717e+06
1.06541e+07
7.92769e+06
4.49214e+06
1.5223e+07
6.49526e+06
1.07822e+06
5.8045e+06
9.68641e+06
9.15601e+06
5.08919e+06
6.82465e+06
7.91785e+06
1.54808e+07
5.59526e+06
5.35321e+06
6.78128e+06
9.82377e+06
1.41487e+07
3.0558e+06
4.41721e+06
4.47279e+06
6.05317e+06
2.81575e+06
1.25337e+07
9.46377e+06
1.25108e+07
1.05926e+07
1.38873e+07
5.88223e+06
7.40245e+06
7.45139e+06
1.0746e+07
6.52406e+06
1.25122e+07
1.95069e+07
5.81757e+06
4.32541e+06
6.43754e+06
7.90951e+06
3.07597e+06
1.25721e+07
2.73456e+06
4.95174e+06
6.70061e+06
5.10909e+06
5.85858e+06
1.73464e+07
7.70419e+06
5.26207e+06
6.03477e+06
3.44886e+06
4.46909e+06
9.21647e+06
4.5945e+06
4.17583e+07
3.05875e+06
7.69164e+06
4.98566e+06
4.37529e+06
1.1473e+07
2.81407e+06
6.74966e+06
3.7042e+06
5.88464e+06
2.34451e+07
4.65907e+06
5.32524e+06
5.3238e+06
9.8231e+06
9.08702e+06
1.15318e+07
3.64286e+06
6.66894e+06
3.61636e+06
3.05181e+06
6.09831e+06
1.31634e+07
9.26187e+06
5.13064e+06
5.95448e+06
4.78188e+06
9.76926e+06
5.94969e+06
4.60934e+06
6.29345e+06
5.00777e+06
6.07735e+06
1.04389e+07
9.67297e+06
1.10242e+07
9.97406e+06
5.20421e+06
1.20371e+07
1.86205e+07
7.72887e+06
7.24162e+06
6.13679e+06
6.00415e+06
4.7669e+06
5.11793e+06
6.01519e+06
1.68557e+07
2.75054e+07
2.59521e+06
2.24208e+07
7.79926e+06
5.34496e+06
6.69379e+06
4.94642e+06
5.8745e+06
4.32292e+06
7.74099e+06
9.61984e+06
1.01562e+07
6.04937e+06
7.87881e+06
1.0324e+06
5.8132e+06
6.96163e+06
8.76453e+06
5.93722e+06
1.58177e+07
9.81746e+06
6.88422e+06
9.22045e+06
4.15803e+06
3.49203e+06
3.93694e+06
9.63282e+06
2.83141e+06
4.20879e+06
2.66871e+06
5.08148e+06
8.41739e+06
1.25108e+07
6.57724e+06
5.77013e+06
6.11106e+06
5.51227e+06
4.94083e+06
4.21252e+06
7.19767e+06
1.01059e+07
3.45726e+06
7.48205e+06
6.66986e+06
9.92468e+06
2.91339e+06
7.68656e+06
6.41384e+06
4.34685e+07
5.06786e+06
5.1343e+06
9.69263e+06
5.74109e+06
1.86526e+07
7.64668e+06
6.65642e+06
6.60565e+06
6.7071e+06
2.58768e+06
4.8834e+06
1.17728e+07
5.57297e+06
5.49143e+06
4.67607e+06
8.60495e+06
3.94819e+06
7.34554e+06
6.43957e+06
3.21496e+06
6.86227e+06
3.62252e+06
7.01374e+06
1.32514e+07
9.85475e+06
1.04206e+07
3.52901e+06
6.16317e+06
6.09357e+06
7.39708e+06
3.50152e+06
6.53548e+06
5.86568e+06
3.66139e+06
5.51446e+06
3.51634e+06
6.74644e+06
8.31991e+06
1.03362e+07
5.6097e+06
1.76625e+07
3.85808e+06
5.26207e+06
6.59826e+06
6.71378e+06
5.48578e+06
3.80284e+06
7.20652e+06
5.24933e+06
2.23438e+06
4.13453e+06
1.70144e+07
1.03963e+07
1.02337e+07
4.89093e+06
7.81875e+06
1.12325e+07
4.20337e+06
5.28855e+06
2.42591e+07
1.22226e+07
3.96028e+06
9.41515e+06
5.4487e+06
6.89308e+06
9.65618e+06
8.83434e+06
3.86115e+06
6.07274e+06
2.02802e+07
5.93169e+06
9.3954e+06
1.29266e+07
6.79097e+06
4.18151e+06
8.77748e+06
3.02392e+06
6.975e+06
3.34121e+06
2.93974e+06
5.31655e+06
1.30216e+07
5.60295e+06
9.75455e+06
4.8528e+06
8.35181e+06
5.95693e+06
6.19461e+06
1.30621e+07
5.61439e+06
7.74085e+06
5.98385e+06
4.21952e+06
2.16738e+07
7.88683e+06
4.53051e+06
6.80792e+06
6.50212e+06
4.87145e+06
7.10644e+06
3.27214e+06
3.32045e+06
5.12834e+06
6.51406e+06
7.33591e+06
1.18361e+07
1.16421e+07
6.78851e+06
3.42491e+06
8.93122e+06
2.55352e+06
1.06151e+07
7.19684e+06
7.86309e+06
4.51192e+06
4.6601e+06
9.46582e+06
8.05832e+06
5.90708e+06
3.69798e+06
7.18273e+06
4.69126e+06
2.64209e+06
7.47024e+06
7.00282e+06
1.00174e+07
2.94084e+06
7.84612e+06
3.11111e+06
4.32411e+06
8.25032e+06
4.56883e+06
7.265e+06
2.58141e+06
4.75357e+06
2.46801e+06
6.54923e+06
6.64513e+06
9.78144e+06
3.22285e+06
8.12978e+06
6.83407e+06
7.67263e+06
6.0534e+06
1.15806e+07
1.00969e+07
5.49128e+06
1.12129e+07
7.49085e+06
7.8121e+06
5.91372e+06
5.78947e+06
5.51531e+06
6.35203e+06
9.08538e+06
5.21428e+06
7.99873e+06
2.5078e+06
4.66413e+06
5.76592e+06
5.42728e+06
6.47768e+06
5.60718e+06
1.44366e+07
7.53863e+06
5.40216e+06
6.96841e+06
3.64812e+06
6.98125e+06
1.24345e+07
3.66063e+06
4.29208e+06
2.46972e+06
7.29965e+06
4.05226e+06
5.69146e+06
7.16107e+06
8.24288e+06
1.6598e+07
1.08791e+07
6.60248e+06
3.881e+06
3.7794e+06
1.23092e+07
5.02708e+06
2.19881e+07
4.28788e+06
5.2001e+06
5.92066e+06
4.98624e+06
4.8351e+06
3.71318e+06
9.43818e+06
2.18182e+06
6.57058e+06
7.42347e+06
6.4007e+06
6.35929e+06
6.90049e+06
2.65557e+06
1.2168e+07
7.17132e+06
4.98056e+06
7.93373e+06
3.33603e+06
7.04738e+06
1.13452e+07
4.05682e+06
2.80754e+06
9.28705e+06
5.73487e+06
7.20082e+06
1.11538e+07
2.22997e+06
3.76827e+06
1.00974e+07
9.03962e+06
7.20593e+06
9.3211e+06
8.02704e+06
2.90445e+06
5.65307e+06
2.97242e+06
4.57559e+06
7.41254e+06
6.09364e+06
6.50679e+06
2.81575e+06
8.19418e+06
8.42777e+06
7.83476e+06
7.04105e+06
4.59344e+06
4.19977e+06
1.7075e+07
8.24745e+06
2.79511e+06
6.656e+06
3.03498e+06
8.65776e+06
9.38861e+06
5.82875e+06
2.55045e+06
4.50952e+06
4.7874e+06
6.91291e+06
1.03369e+07
4.59129e+06
8.04667e+06
4.28104e+06
6.6316e+06
5.63842e+06
6.09355e+06
5.26745e+06
3.10088e+06
6.00129e+06
5.81176e+06
1.08163e+07
1.5962e+07
5.2494e+06
3.69986e+06
5.12482e+06
5.06549e+06
6.80632e+06
9.1822e+06
5.20982e+06
1.10334e+07
8.00804e+06
2.25592e+06
1.32601e+07
1.42865e+07
6.17264e+06
5.00273e+06
7.70594e+06
3.64303e+06
8.54894e+06
5.80724e+06
1.12879e+07
4.7902e+06
7.69617e+06
3.15324e+06
6.11994e+06
1.0535e+07
4.57559e+06
4.48264e+06
6.10324e+06
8.55438e+06
6.50915e+06
1.17349e+07
5.71081e+06
9.62231e+06
5.8714e+06
5.08725e+06
4.88841e+06
4.71175e+06
1.38962e+07
3.03424e+07
7.20147e+06
1.29709e+07
7.38285e+06
8.96314e+06
3.23189e+06
5.07503e+06
2.86724e+06
9.49072e+06
2.87841e+06
8.20892e+06
3.54336e+06
5.21265e+06
1.12358e+07
6.93062e+06
4.69417e+06
6.0466e+06
4.91412e+06
2.06602e+07
2.98165e+06
6.80483e+06
9.41694e+06
5.36801e+06
1.10078e+07
4.60722e+06
3.51531e+06
6.97848e+06
6.02628e+06
1.20847e+07
4.46561e+06
1.31566e+07
4.69609e+06
958015.0
2.66741e+06
2.1364e+07
6.9863e+06
3.61204e+06
3.11656e+06
3.72167e+06
3.62252e+06
4.03227e+06
5.74516e+06
7.34464e+06
7.25286e+06
4.38501e+06
4.93467e+06
7.73018e+06
4.50917e+06
3.15814e+06
3.59065e+06
7.17486e+06
3.98472e+06
2.81575e+06
6.3393e+06
2.88626e+06
5.23295e+06
6.8137e+06
5.27584e+06
4.13637e+06
4.50711e+06
6.82576e+06
4.33639e+06
5.91962e+06
5.66694e+06
9.25873e+06
4.06095e+06
7.66618e+06
9.49808e+06
6.55211e+06
7.05701e+06
1.8579e+07
8.49877e+06
8.10396e+06
6.63027e+06
3.09156e+06
5.32157e+06
6.28414e+06
4.59349e+06
6.29993e+06
4.06864e+06
5.84404e+06
6.84921e+06
3.67193e+07
4.17106e+06
7.75905e+06
2.14503e+06
7.41223e+06
7.15427e+06
7.94574e+06
6.22844e+06
9.93384e+06
9.28177e+06
5.56869e+06
6.00195e+06
3.871e+06
1.32594e+07
4.60102e+06
8.99264e+06
4.83991e+06
5.85243e+06
1.29912e+07
6.95265e+06
8.95643e+06
4.61215e+06
8.37884e+06
4.94755e+06
6.82387e+06
1.37208e+07
1.13224e+07
7.6952e+06
1.91022e+07
5.26762e+06
3.9773e+06
5.87861e+06
4.08485e+06
6.94146e+06
3.85603e+06
5.12834e+06
8.34476e+06
5.56802e+06
4.92846e+06
4.88661e+06
5.02656e+06
7.54489e+06
1.40487e+07
7.43074e+06
5.14309e+06
4.2185e+06
6.28408e+06
8.23876e+06
1.20888e+07
3.64023e+06
1.30266e+07
4.87465e+06
4.26346e+06
7.28305e+06
9.33469e+06
9.69732e+06
6.14625e+06
3.12353e+06
5.17804e+06
5.90238e+06
5.66386e+07
1.69008e+07
1.18321e+07
7.06654e+06
4.99644e+06
2.01036e+07
9.39587e+06
7.13838e+06
2.7318e+06
7.46695e+06
4.10281e+06
2.15379e+06
4.41721e+06
5.33354e+06
8.16553e+06
7.07399e+06
1.38766e+07
4.20761e+06
4.80924e+06
5.69804e+06
1.23614e+07
5.78286e+06
3.77008e+06
5.81176e+06
5.14876e+06
5.39716e+06
5.65254e+06
5.51531e+06
1.6923e+07
5.18613e+06
2.75022e+06
9.15106e+06
7.4316e+06
3.3023e+06
4.11043e+06
6.82713e+06
7.8488e+06
6.46533e+06
4.64656e+06
1.37734e+07
3.62052e+06
5.64577e+06
2.03961e+07
6.08408e+06
4.35033e+06
8.26039e+06
1.02608e+07
9.41451e+06
7.33871e+06
1.02759e+07
7.93039e+06
5.8198e+06
8.39681e+06
8.35018e+06
4.93435e+06
8.35343e+06
4.97093e+06
3.65606e+06
5.62509e+06
7.58044e+06
9.44643e+06
7.77515e+06
3.53317e+06
7.67988e+06
6.2879e+06
6.29513e+06
4.08438e+06
5.04996e+06
2.86724e+06
1.43398e+07
4.21406e+06
4.09198e+06
2.55546e+06
4.18472e+06
1.2905e+07
2.21274e+07
8.80349e+06
3.34121e+06
4.31270e+06
3.99305e+06
3.61237e+07
5.31303e+06
3.42823e+06
6.56269e+06
9.17788e+06
1.30919e+07
5.44631e+06
2.61075e+07
7.28884e+06
1.39563e+07
8.00244e+06
4.19421e+06
6.75419e+06
8.38062e+06
7.08286e+06
3.5754e+06
1.24179e+07
6.73502e+06
1.04865e+07
7.86866e+06
4.27686e+06
3.76796e+06
3.13089e+06
5.33555e+06
7.19182e+06
7.28305e+06
5.53385e+06
3.63445e+06
8.15775e+06
3.05125e+06
1.13147e+07
2.26402e+07
1.08561e+07
6.83388e+06
1.03469e+07
5.54137e+06
8.49527e+06
7.62666e+06
8.37865e+06
1.31343e+07
2.98996e+06
1.22394e+07
2.87007e+07
8.44919e+06
1.04931e+07
6.93295e+06
8.74986e+06
6.46013e+06
6.65925e+06
3.63402e+06
1.13162e+07
2.24067e+06
3.06812e+06
3.92909e+06
6.50818e+06
1.06535e+07
7.52722e+06
6.28352e+06
6.77906e+06
4.65836e+06
3.0208e+06
4.04973e+06
6.91558e+06
5.61301e+06
2.46611e+07
7.19555e+06
4.18882e+06
5.00004e+06
1.23772e+07
4.87199e+06
8.60238e+06
4.52838e+06
7.20593e+06
4.98261e+06
7.49523e+06
7.30723e+06
1.68592e+07
1.07999e+07
1.24285e+07
6.46224e+06
5.91209e+06
8.88314e+06
8.11569e+06
1.04408e+07
9.90708e+06
9.40638e+06
9.92049e+06
4.14005e+06
3.42706e+06
1.17931e+07
1.16459e+07
9.93104e+06
6.23825e+06
9.05812e+06
2.62572e+07
7.23048e+06
1.27832e+07
6.4951e+06
5.8423e+06
5.1071e+06
6.1766e+06
1.55173e+06
3.98824e+06
1.08311e+07
6.62818e+06
9.06717e+06
4.01677e+06
6.78854e+06
3.92909e+06
5.60725e+06
4.79944e+06
1.46745e+07
4.38609e+06
3.62458e+06
1.23673e+07
7.19202e+06
1.47833e+07
7.61095e+06
7.68224e+06
1.1491e+07
8.20793e+06
2.60711e+06
5.54951e+06
8.23057e+06
1.79992e+07
8.6871e+06
9.64501e+06
7.62217e+06
3.06483e+06
8.3385e+06
5.52741e+07
4.44098e+06
7.53515e+06
6.61074e+06
7.64486e+06
6.4279e+06
5.85301e+06
6.04532e+06
7.41807e+06
6.05255e+06
7.36359e+06
4.60102e+06
4.46074e+06
5.88682e+06
7.50066e+06
4.64399e+06
1.45596e+07
9.65529e+06
1.84435e+07
5.5989e+06
1.33943e+07
3.29207e+06
1.00839e+07
9.00064e+06
3.05483e+07
5.59174e+06
5.92925e+07
6.72151e+06
1.78593e+07
9.09155e+06
5.61795e+06
6.56274e+06
6.36554e+06
6.30905e+06
3.87059e+06
7.87596e+06
7.42406e+06
1.1078e+07
5.78368e+06
4.55298e+06
404322.0
5.83444e+06
8.82882e+06
4.29633e+07
4.70191e+06
6.68924e+06
2.8756e+06
5.17736e+06
5.87411e+06
1.00268e+07
3.26762e+07
8.49527e+06
5.18143e+06
5.2665e+06
1.16877e+07
1.31759e+07
6.90313e+06
3.83662e+06
6.8799e+06
7.22681e+06
6.65987e+06
4.2276e+06
9.18243e+06
5.08148e+06
6.65028e+06
8.99958e+06
1.35409e+07
3.88538e+06
5.25219e+06
5.88337e+06
6.46435e+06
1.27063e+07
7.28305e+06
4.05432e+06
1.33925e+07
1.77199e+07
4.68768e+06
3.78429e+06
4.49353e+06
7.33819e+06
3.01234e+06
1.07145e+07
2.94881e+06
1.35271e+07
5.95079e+06
7.66931e+06
1.15885e+07
3.98926e+06
3.83041e+06
8.7661e+06
1.53449e+07
8.34348e+06
6.45961e+06
5.26207e+06
6.71865e+06
7.15439e+06
1.87841e+07
5.63774e+06
6.80972e+06
5.79359e+06
8.85854e+06
3.88364e+06
6.15475e+06
6.25985e+06
1.19872e+07
5.38221e+06
1.11447e+07
1.16517e+07
5.89127e+06
1.02382e+07
5.62512e+06
5.43996e+06
7.29992e+06
8.45876e+06
4.57758e+06
5.70682e+06
3.66846e+06
1.01098e+07
5.76221e+06
5.43807e+06
8.81897e+06
7.69595e+06
8.07102e+06
4.88244e+06
9.92749e+06
7.85014e+06
7.55466e+06
5.28064e+06
8.35951e+06
6.66802e+06
2.39310e+06
6.49752e+06
4.55076e+06
3.84527e+06
5.599e+06
6.45037e+06
4.19506e+06
3.44142e+06
3.97427e+06
1.26245e+07
3.16476e+06
1.14767e+07
5.47173e+06
6.60603e+06
4.77348e+06
6.54965e+06
7.62168e+06
7.75821e+06
1.35798e+07
4.9816e+06
8.8991e+06
1.04198e+07
9.7693e+06
4.62511e+06
5.41028e+06
8.43666e+06
3.66706e+06
4.31591e+06
3.4189e+06
4.08098e+06
8.29681e+06
9.33091e+06
9.50477e+06
1.85938e+07
5.3404e+06
6.01831e+06
8.3873e+06
7.05316e+06
6.09296e+06
7.96186e+06
5.65632e+06
8.59101e+06
1.26822e+07
5.44744e+06
2.09563e+06
9.9284e+06
4.04779e+06
3.76465e+06
1.30937e+07
4.18857e+06
7.28305e+06
7.65119e+06
7.78617e+06
4.87838e+06
5.26207e+06
4.36564e+06
7.43603e+06
5.79634e+06
7.6821e+06
5.84009e+06
7.36006e+06
3.11679e+06
1.36521e+07
6.17051e+06
1.65144e+07
5.87163e+06
7.87479e+06
4.11289e+06
1.82764e+07
4.73364e+06
7.58831e+06
9.57356e+06
1.24544e+07
1.29266e+07
5.6097e+06
1.36014e+07
8.35082e+06
6.1003e+06
5.80224e+06
5.13197e+06
1.93996e+06
3.15253e+06
6.11149e+06
7.4387e+06
4.37578e+06
1.107e+07
1.35874e+07
6.84608e+06
1.02548e+07
4.54481e+06
9.02783e+06
1.17974e+07
2.99656e+06
1.33413e+07
6.62531e+06
6.87908e+06
1.19844e+07
9.30962e+06
3.85045e+06
7.72342e+06
3.28518e+06
1.18321e+07
6.35648e+06
3.80959e+06
1.14605e+07
8.71298e+06
9.15257e+06
6.41515e+06
1.16338e+07
6.83757e+06
1.40099e+07
7.03286e+06
6.899e+06
3.67289e+06
7.72745e+06
6.27875e+06
5.61841e+06
9.40006e+06
1.04792e+07
3.50942e+06
1.6969e+07
5.53e+06
5.56204e+06
1.27156e+07
4.05756e+06
1.19879e+07
5.39235e+06
9.39002e+06
6.17172e+06
1.32935e+07
2.10469e+07
6.81336e+06
5.84877e+06
5.17507e+06
1.24633e+07
6.60341e+06
3.92909e+06
7.22429e+06
4.70125e+06
1.30047e+07
7.05291e+06
4.53918e+06
9.40638e+06
1.39279e+07
1.38797e+07
7.77187e+06
4.54097e+06
1.04304e+07
1.56675e+07
4.07865e+06
5.44607e+06
9.36471e+06
8.82136e+06
3.62056e+06
5.83583e+06
6.01048e+06
8.62701e+06
1.0971e+07
1.01127e+07
4.43552e+06
5.89753e+06
6.89603e+06
5.0573e+06
4.37853e+06
9.77827e+06
6.90585e+06
3.29589e+06
9.34504e+06
4.82060e+06
1.80438e+07
4.79869e+06
4.5887e+06
5.67525e+06
7.09001e+06
5.86302e+06
5.69683e+06
7.41393e+06
5.56294e+06
4.2185e+06
2.49213e+06
6.97719e+06
6.52335e+06
7.88403e+06
8.81185e+06
5.84568e+06
6.70819e+06
7.41925e+06
5.3208e+06
3.74312e+06
3.65333e+06
4.21561e+06
1.49413e+07
6.03119e+06
5.47807e+06
6.04532e+06
5.48566e+06
6.56703e+06
8.17593e+06
5.52685e+06
7.83969e+06
1.46264e+07
5.8912e+06
6.1707e+06
5.26207e+06
4.97939e+06
1.27546e+07
7.34515e+06
4.05467e+06
3.0708e+06
6.91816e+06
4.17651e+06
7.19463e+06
5.80932e+06
8.8649e+06
7.43127e+06
9.71664e+06
3.92909e+06
7.43066e+06
1.00377e+07
3.96542e+06
6.43071e+06
9.89117e+06
5.95236e+06
3.46785e+06
5.9686e+06
4.56919e+06
4.76192e+06
9.82269e+06
7.24063e+06
6.34524e+06
5.86431e+06
6.84138e+06
6.25663e+06
6.66992e+06
6.70143e+06
7.25178e+06
3.4395e+06
6.59378e+06
8.43715e+06
6.17802e+06
4.4887e+06
7.19555e+06
8.75625e+06
5.51199e+06
5.59082e+06
5.97294e+06
6.58038e+06
6.59663e+06
2.72743e+06
1.10472e+07
8.62005e+06
4.24328e+06
3.31769e+06
4.20337e+06
6.63337e+06
9.82269e+06
5.3245e+06
9.87714e+06
6.30147e+06
5.49103e+06
2.79109e+06
7.01164e+06
6.63745e+06
1.94311e+06
5.563e+06
6.36154e+06
7.85344e+06
7.78869e+06
7.02898e+06
5.98787e+06
7.82909e+06
3.94479e+06
5.88828e+06
1.11718e+07
4.33109e+06
3.81301e+06
9.39756e+06
6.20146e+06
4.51186e+06
5.67523e+06
7.04881e+06
1.71375e+07
8.0149e+06
1.13428e+07
9.77989e+06
6.33209e+06
9.86832e+06
7.9193e+06
1.06501e+07
7.34188e+06
5.6375e+06
6.509e+06
9.06863e+06
7.97618e+06
-440688.0
3.24977e+06
9.25564e+06
6.65006e+06
7.79752e+06
2.68544e+06
6.46921e+06
6.17395e+06
1.36975e+07
5.07005e+06
5.3487e+06
6.75888e+06
1.52598e+07
8.57493e+06
9.29903e+06
6.98348e+06
2.22997e+06
9.90224e+06
1.19696e+07
4.74497e+06
1.25188e+07
4.95709e+06
6.03715e+06
6.55483e+06
4.18249e+06
6.62762e+06
7.01325e+06
1.5033e+07
1.10499e+07
9.88369e+06
1.35872e+07
7.25964e+06
5.81915e+06
5.86718e+06
1.38386e+07
7.64128e+06
5.4697e+06
3.4145e+06
5.52022e+06
5.93173e+06
4.64141e+06
6.23137e+06
5.6148e+06
1.19042e+07
5.17339e+06
2.26103e+07
8.01103e+06
6.20152e+06
1.22651e+07
4.23243e+06
5.37106e+06
5.49004e+06
3.98292e+06
6.75047e+06
5.72532e+06
4.30626e+06
8.20867e+06
1.14624e+07
9.41218e+06
6.85865e+06
9.21126e+06
4.2348e+06
6.62833e+06
5.69353e+06
5.48622e+06
1.02288e+07
1.21645e+07
1.5738e+07
9.20618e+06
9.96307e+06
9.28193e+06
3.17789e+06
624694.0
6.18892e+06
5.7239e+06
1.13839e+07
5.85625e+06
8.99809e+06
6.67828e+06
8.7451e+06
4.73795e+06
5.37609e+06
8.71218e+06
1.05083e+07
4.52731e+06
5.24366e+06
1.42463e+07
4.97568e+06
1.89349e+06
8.2861e+06
2.16568e+07
2.30627e+06
3.81473e+06
3.6919e+06
5.33565e+06
9.63971e+06
5.38498e+06
5.66951e+06
6.88536e+06
4.84881e+06
2.35357e+06
4.18598e+06
6.79262e+06
6.56966e+06
6.2336e+07
5.80823e+06
6.8476e+06
1.25094e+07
7.34673e+06
1.09214e+07
5.45702e+06
1.03953e+07
7.1478e+06
3.44861e+06
3.92909e+06
1.05628e+07
7.44417e+06
1.61611e+07
2.88523e+06
8.88582e+06
6.36598e+06
4.89108e+06
1.27421e+07
6.92977e+06
5.60464e+06
5.33635e+06
6.77241e+06
7.18555e+06
8.45747e+06
6.26036e+06
5.61795e+06
8.99781e+06
7.40902e+06
6.41041e+06
6.65274e+06
7.42434e+06
1.41065e+07
1.31351e+07
5.70381e+06
7.40546e+06
7.86909e+06
6.17819e+06
5.84629e+06
6.05322e+06
4.31973e+06
6.40781e+06
2.08153e+06
5.93726e+06
7.62856e+06
1.19174e+07
5.80332e+06
5.12864e+06
1.00374e+07
3.22485e+06
3.48279e+06
5.54402e+06
5.97294e+06
5.19926e+06
1.25723e+07
1.86007e+06
4.401e+06
2.50195e+06
6.9636e+06
-2.29670e+06
1.14732e+07
4.93967e+06
5.44026e+06
7.32769e+06
4.99036e+06
1.0419e+07
1.02012e+07
5.21218e+06
4.88856e+06
5.15849e+06
8.4262e+06
4.30221e+06
8.88254e+06
5.20434e+06
6.69903e+06
3.81389e+06
3.26265e+06
4.6284e+06
6.07757e+06
8.5021e+06
3.3741e+06
5.66446e+06
1.51468e+07
4.10703e+06
8.39137e+06
6.62809e+06
6.10195e+06
7.33518e+06
8.49228e+06
4.00123e+06
5.99975e+06
5.1752e+06
6.55382e+06
3.97115e+06
1.1408e+07
9.20282e+06
5.27486e+06
-1.1859e+06
5.67401e+06
3.94637e+06
4.17922e+07
7.3295e+06
5.72294e+06
5.74656e+06
3.00935e+06
5.78623e+06
1.01511e+07
1.25626e+07
3.78001e+06
1.04367e+07
4.25526e+06
9.70427e+06
1.16473e+07
4.93967e+06
4.37743e+06
8.56749e+06
1.02136e+07
3.92636e+06
8.33755e+06
3.86264e+06
5.6918e+06
7.28305e+06
5.61027e+06
6.54666e+06
6.11436e+06
6.08777e+06
8.24705e+06
3.62233e+06
3.28303e+06
9.40638e+06
2.96884e+06
5.29574e+06
3.17789e+06
1.0724e+07
5.11764e+06
5.36492e+06
7.16436e+06
7.1522e+06
9.25158e+06
1.1801e+07
3.96514e+06
7.55215e+06
7.13923e+06
7.30136e+06
5.08546e+06
4.8983e+06
4.94044e+06
4.09335e+06
5.58299e+06
5.63618e+06
4.2353e+06
5.6639e+06
7.02523e+06
6.1403e+06
1.244e+07
5.31446e+06
7.88131e+06
6.24705e+06
3.62562e+06
1.0828e+07
5.54408e+06
5.71362e+06
9.83691e+06
1.00059e+07
5.95773e+06
9.9402e+06
7.09778e+06
5.52677e+06
5.18875e+06
5.20222e+06
3.48041e+06
7.86488e+06
7.48979e+06
5.57823e+06
6.77262e+06
4.37657e+06
9.9104e+06
1.09685e+07
6.23953e+06
9.80474e+06
1.55991e+07
6.34908e+06
7.15704e+06
5.45276e+06
5.93422e+06
3.63879e+06
5.32941e+06
3.36526e+06
9.4375e+06
8.95578e+06
9.37663e+06
4.81925e+06
5.87833e+06
5.90254e+06
6.04414e+06
5.23926e+06
8.46307e+06
3.52084e+06
5.18325e+06
6.76327e+06
4.91412e+06
6.29315e+06
1.09422e+07
7.38285e+06
5.41601e+06
5.64259e+06
5.72029e+06
9.34011e+06
6.99866e+06
9.95894e+06
6.58979e+06
3.33382e+06
5.56945e+06
9.083e+06
4.30058e+06
9.5602e+06
1.30805e+07
5.74304e+06
3.71749e+06
1.37671e+07
1.23776e+07
4.83705e+06
1.30662e+07
4.99471e+06
9.53501e+06
3.81607e+06
9.54553e+06
6.494e+06
7.4496e+06
6.14179e+06
7.40027e+06
7.36771e+06
5.5954e+06
6.62766e+06
4.65841e+06
6.05223e+06
4.73873e+06
4.09536e+06
4.79808e+06
7.10523e+06
5.82041e+06
5.05777e+06
7.39309e+06
4.05283e+06
8.76884e+06
5.87711e+06
3.52481e+06
7.01362e+06
9.12398e+06
4.52108e+06
2.45616e+06
9.70755e+06
3.22804e+06
6.8009e+06
6.3775e+06
3.6337e+06
7.99975e+06
7.95516e+06
1.00537e+07
1.85572e+07
4.41236e+06
7.29299e+06
3.19409e+06
4.90142e+06
4.27234e+06
7.44512e+06
9.75098e+06
1.36527e+07
4.98212e+06
3.79512e+06
9.35555e+06
6.41695e+06
4.99147e+06
4.71154e+06
3.9746e+06
6.41521e+06
6.56898e+06
6.09592e+06
4.80651e+06
4.83848e+06
6.71866e+06
7.45055e+06
6.62197e+06
7.34664e+06
9.21656e+06
1.65738e+07
4.5679e+06
5.93722e+06
4.71966e+06
5.86646e+06
7.0487e+06
8.46626e+06
4.25825e+06
9.56064e+06
7.1996e+06
4.78328e+06
6.33633e+06
5.62654e+06
1.13232e+07
9.54981e+06
1.3358e+07
1.43069e+07
3.89833e+06
7.9835e+06
8.04318e+06
5.59851e+06
1.4419e+07
6.87996e+06
9.54552e+06
6.52803e+06
2.14539e+07
8.89557e+06
5.59298e+06
9.94314e+06
6.9832e+06
4.38907e+06
1.05952e+07
6.11106e+06
8.60457e+06
6.38456e+06
1.00714e+07
3.27807e+06
4.49391e+06
7.34288e+06
6.40485e+06
7.20635e+06
4.76999e+06
1.04698e+07
5.40716e+06
8.04575e+06
1.34804e+07
1.02553e+07
1.23062e+07
6.01252e+06
3.98103e+06
1.55526e+07
6.26571e+06
8.90016e+06
1.25629e+07
5.41985e+06
1.14068e+07
8.1182e+06
1.64305e+07
9.19485e+06
6.92559e+06
5.03248e+06
1.76724e+07
1.1827e+07
4.7371e+06
2.93639e+06
1.22907e+07
9.0788e+06
5.28716e+06
5.37569e+06
1.66813e+07
5.12739e+06
4.08759e+06
1.08105e+07
5.57777e+06
4.89175e+06
5.23716e+06
6.16519e+06
6.45907e+06
6.84834e+06
2.0423e+06
4.85381e+06
1.33834e+07
6.05115e+06
4.2185e+06
1.36082e+07
4.35068e+06
5.89586e+06
5.77333e+06
4.87199e+06
7.23533e+06
6.19456e+06
9.72764e+06
5.47221e+06
4.91393e+06
1.40116e+07
1.40921e+07
3.11731e+06
5.38506e+06
7.46413e+06
3.4812e+07
2.99396e+06
1.14447e+07
7.7739e+06
8.27635e+06
6.58486e+06
1.48904e+07
8.57594e+06
9.04896e+06
4.41397e+06
4.0315e+07
1.01214e+07
1.05209e+07
7.44028e+06
4.3894e+06
1.44547e+07
7.8985e+06
7.38938e+06
2.99171e+06
9.7445e+06
3.26144e+06
5.65366e+06
7.65888e+06
5.89629e+06
3.77031e+06
7.0236e+06
1.78995e+07
115453.0
7.40846e+06
1.17875e+07
7.96732e+06
6.98841e+06
1.82537e+07
1.03958e+07
5.47419e+06
1.20885e+07
5.33932e+06
3.19191e+06
6.40662e+06
1.00643e+07
7.50398e+06
5.31904e+06
6.99775e+06
6.43942e+06
5.42265e+06
4.24354e+06
4.11057e+06
7.94161e+06
8.49604e+06
9.97094e+06
4.80916e+06
8.03261e+06
4.01511e+06
4.74589e+06
5.27849e+06
8.02403e+06
1.44068e+07
6.88494e+06
5.19149e+06
5.49461e+06
4.90088e+06
4.88351e+06
9.18889e+06
4.33512e+06
5.47542e+06
1.01931e+07
5.72321e+06
6.73417e+06
1.50544e+07
8.00829e+06
7.30246e+06
4.87199e+06
6.67179e+06
4.82089e+06
2.68099e+06
5.60370e+06
7.94931e+06
5.04114e+06
7.29135e+06
1.03171e+07
8.15325e+06
5.68117e+06
6.96533e+06
8.24266e+06
1.2133e+07
9.54687e+06
3.97631e+06
3.22647e+06
6.27056e+06
5.06312e+06
4.38038e+06
3.79369e+06
4.49062e+06
3.98434e+06
4.71128e+06
3.95265e+06
4.04102e+06
7.41776e+06
5.64231e+06
5.13872e+06
2.08625e+06
1.26339e+07
1.49578e+07
5.35738e+06
3.7301e+06
3.29124e+06
7.58518e+06
7.80751e+06
8.13615e+06
6.7123e+06
8.95841e+06
1.77975e+07
6.66627e+06
7.51913e+06
1.56642e+07
1.36574e+07
5.94854e+06
7.99892e+06
7.38105e+06
5.70079e+06
5.29034e+06
1.1459e+07
6.92103e+06
6.85404e+06
4.35868e+06
1.03992e+07
7.24813e+06
1.79229e+07
7.29336e+06
7.1258e+06
6.52727e+06
4.86504e+06
9.01016e+06
7.07073e+06
6.26990e+06
1.93419e+07
6.91057e+06
4.48041e+06
9.15374e+06
7.42054e+06
6.44802e+06
2.09371e+06
9.36936e+06
7.22711e+06
5.86424e+06
6.77505e+06
1.19961e+07
2.09382e+06
5.31017e+06
5.39882e+06
8.75924e+06
7.72254e+06
921653.0
1.42421e+07
1.13639e+07
1.83601e+06
5.86839e+06
4.57039e+06
3.89949e+06
6.54799e+06
6.99132e+06
6.5204e+06
1.56249e+07
4.07884e+06
4.64418e+06
1.33896e+07
5.42594e+06
9.07008e+06
5.92500e+06
7.31613e+06
6.36531e+06
5.18092e+06
4.9086e+06
3.2234e+06
7.56668e+06
9.45677e+06
1.4945e+07
3.68091e+06
7.02535e+06
5.10047e+06
1.0372e+07
1.38296e+07
3.78724e+06
8.08789e+06
1.20296e+07
5.74775e+06
7.81695e+06
2.17032e+07
6.73837e+06
3.97606e+06
4.96083e+06
1.17409e+07
7.61126e+06
7.3315e+06
8.09562e+06
6.85349e+06
7.56093e+06
1.00338e+07
5.97897e+06
7.06786e+06
8.15782e+06
1.03654e+07
4.26346e+06
7.19555e+06
5.69193e+06
7.01055e+06
1.45438e+07
4.18128e+06
2.24637e+07
5.53691e+06
1.10198e+07
5.60219e+06
1.23901e+07
7.6788e+06
3.07388e+06
9.39962e+06
4.09737e+06
6.71022e+06
8.81473e+06
2.98804e+07
3.8005e+06
6.31418e+06
7.79837e+06
1.42326e+07
1.88294e+07
4.63210e+06
8.03009e+06
3.96506e+06
1.28282e+07
5.37824e+06
8.01739e+06
5.66184e+06
4.09903e+06
7.22429e+06
1.25697e+07
2.81815e+06
1.21034e+07
5.12984e+06
8.20892e+06
1.2424e+06
7.03561e+06
5.57666e+06
8.87331e+06
1.02672e+07
3.05836e+06
8.40924e+06
8.42517e+06
5.14550e+06
6.67395e+06
5.12534e+06
6.91374e+06
7.55559e+06
5.79391e+06
5.43856e+06
6.81598e+06
1.12147e+07
6.76347e+06
7.89818e+06
6.72628e+06
4.31973e+06
6.41948e+06
8.49527e+06
2.62038e+06
1.28744e+07
9.16728e+06
7.52636e+06
4.4007e+06
1.00073e+07
5.69804e+06
1.47518e+07
2.67314e+06
5.5954e+06
6.9286e+06
6.57001e+06
8.36103e+06
5.94438e+06
7.76499e+06
2.26017e+07
1.05958e+07
3.65424e+06
6.73422e+06
1.39327e+07
1.03374e+07
3.19796e+06
7.63816e+06
1.04350e+07
1.02331e+07
7.45779e+06
6.73961e+06
1.20847e+07
5.80953e+06
7.43391e+06
1.37156e+07
1.14927e+07
4.87322e+06
8.19291e+06
8.39707e+06
1.02504e+07
9.16512e+06
1.03209e+07
3.71064e+06
9.03663e+06
7.23565e+06
8.04488e+06
2.04081e+07
5.21957e+06
4.20337e+06
4.4353e+06
4.7644e+06
5.70432e+06
6.47093e+06
4.10265e+06
7.21231e+06
5.5954e+06
5.79116e+06
5.26207e+06
3.37716e+06
5.82195e+06
4.89972e+06
9.48651e+06
6.54105e+06
1.03957e+07
4.44675e+06
7.30537e+06
4.49153e+06
9.21914e+06
7.60686e+06
7.20839e+06
1.35412e+07
8.35467e+06
4.1635e+06
5.74057e+06
7.28071e+06
5.13212e+06
5.62259e+06
4.79493e+06
7.95018e+06
8.09122e+06
1.23448e+07
6.89753e+06
4.51327e+06
1.49913e+07
4.11465e+06
3.52164e+06
6.7515e+06
3.78676e+06
6.52859e+06
1.28127e+07
2.33771e+06
1.03377e+06
7.27626e+06
5.10204e+06
3.54503e+06
6.62903e+06
7.76852e+06
5.89898e+06
7.824e+06
7.19669e+06
6.61996e+06
5.01358e+06
7.92084e+06
7.49441e+06
1.98037e+07
1.53641e+07
5.73667e+06
1.31071e+07
1.28278e+07
8.41569e+06
1.09394e+07
5.02343e+06
6.74063e+06
7.92952e+06
8.47855e+06
3.65121e+06
3.68074e+06
7.03468e+06
6.54649e+06
2.30759e+06
8.19775e+06
3.19247e+06
4.00448e+06
1.17162e+07
5.9097e+06
1.08983e+07
6.52074e+06
6.18558e+06
6.10388e+06
7.40167e+06
8.0624e+06
6.15187e+06
1.52527e+07
4.36327e+06
4.20337e+06
5.28199e+06
8.39663e+06
6.81175e+06
7.12223e+06
5.63718e+06
6.76115e+06
4.72885e+06
6.65987e+06
6.31318e+06
1.04286e+07
1.11843e+07
6.95527e+06
7.81656e+06
5.49749e+06
7.19859e+06
6.79595e+06
3.71257e+06
7.10905e+06
4.41525e+06
1.0108e+07
7.5371e+06
3.52308e+06
8.34771e+06
1.09602e+07
9.76644e+06
1.65907e+07
1.76464e+07
1.12087e+07
6.2177e+06
8.02056e+06
5.20567e+06
8.87517e+06
7.56539e+06
1.05223e+07
1.17791e+07
8.02971e+06
7.3053e+06
5.01953e+06
8.4602e+06
1.6134e+07
4.58587e+06
8.96472e+06
2.80307e+07
8.58834e+06
5.07358e+06
2.35614e+06
9.09677e+06
5.94582e+06
6.53328e+06
4.93236e+06
1.02152e+07
9.53167e+06
1.92916e+06
5.12849e+06
1.4597e+07
2.8536e+06
7.12388e+06
4.08895e+06
6.26392e+06
5.97294e+06
4.59111e+06
7.93586e+06
8.20892e+06
9.75154e+06
8.43049e+06
7.61095e+06
9.03055e+06
4.83994e+06
3.05609e+06
5.86828e+06
-171797.0
5.38913e+06
9.70666e+06
7.95426e+06
6.06782e+06
9.25754e+06
7.68105e+06
5.2676e+06
1.2819e+07
3.12816e+06
8.1011e+06
7.65769e+06
5.65366e+06
6.36325e+06
5.70301e+06
7.63364e+06
7.15067e+06
2.92781e+06
4.29212e+06
7.96908e+06
6.60856e+06
1.42182e+07
1.15401e+07
8.79136e+06
1.1021e+07
6.23462e+06
3.66709e+06
5.04996e+06
4.97892e+06
4.83954e+06
1.10893e+07
8.05012e+06
2.88731e+06
1.28572e+07
6.42734e+06
2.33771e+06
6.9892e+06
6.75881e+06
5.71771e+06
3.04393e+06
1.59501e+07
4.13618e+06
5.46123e+06
8.48927e+06
6.93644e+06
1.33454e+07
5.66652e+06
3.11513e+06
1.83559e+07
8.13434e+06
6.32858e+06
3.48335e+06
9.89848e+06
9.47647e+06
9.48826e+06
8.74167e+06
1.09101e+07
4.50712e+06
6.93902e+06
7.09566e+06
8.59034e+06
4.39901e+06
7.51361e+06
4.68537e+06
6.01924e+06
7.21391e+06
8.85387e+06
4.82242e+06
6.49641e+06
4.98942e+06
4.69375e+06
7.05876e+06
8.84584e+06
8.0794e+06
8.38499e+06
2.92818e+06
7.02231e+06
6.76144e+06
7.1172e+06
7.28127e+06
4.46337e+06
3.95241e+06
4.22307e+06
1.76301e+07
6.48012e+06
6.17279e+06
2.21286e+07
1.56622e+07
2.4345e+06
1.13419e+07
3.99406e+06
6.44085e+06
7.30765e+06
1.23188e+07
6.86349e+06
1.04327e+07
9.41929e+06
6.99271e+06
4.64726e+06
9.67803e+06
8.31725e+06
6.89472e+06
1.08998e+07
5.258e+06
7.03874e+06
8.38263e+06
5.90526e+06
8.52087e+06
1.16199e+07
7.17626e+06
7.51602e+06
6.46188e+06
7.09858e+06
1.39838e+07
3.68304e+06
7.70121e+06
1.91966e+06
7.20886e+06
1.31453e+06
5.44119e+06
7.55797e+06
4.88284e+06
2.48167e+06
7.54907e+06
7.47019e+06
9.88633e+06
1.18117e+07
5.48793e+06
5.10247e+06
5.57776e+06
3.15594e+06
6.08881e+06
7.2364e+06
6.1699e+06
5.83466e+06
7.63769e+06
5.51531e+06
5.6494e+06
5.3056e+06
4.95671e+06
7.73434e+06
6.50555e+06
5.40733e+06
4.41045e+06
3.96115e+06
1.9858e+07
6.53464e+06
3.41478e+06
9.57411e+06
7.84883e+06
6.24542e+06
1.2436e+07
6.92147e+06
7.2266e+06
5.69469e+06
1.45863e+07
6.04838e+06
6.84084e+06
6.4635e+06
2.14553e+06
9.31689e+06
6.80707e+06
5.965e+06
4.88005e+06
1.05395e+07
5.73368e+06
4.03982e+06
9.54986e+06
8.7395e+06
9.2194e+06
8.99573e+06
5.81356e+06
6.07624e+06
3.25056e+06
4.60875e+06
8.2693e+06
6.63272e+06
4.64809e+06
6.1766e+06
6.75384e+06
5.85561e+06
1.23455e+07
6.78615e+06
6.30056e+06
3.22317e+06
4.03455e+06
8.34381e+06
6.80714e+06
6.52252e+06
5.40403e+06
5.08336e+06
7.10826e+06
9.19356e+06
6.90934e+06
1.41995e+07
7.14836e+06
4.67357e+06
7.33106e+06
5.86896e+06
1.12796e+07
5.12686e+06
7.70147e+06
5.26289e+06
6.32881e+06
7.02956e+06
6.95307e+06
5.64596e+06
1.21326e+07
4.69408e+06
5.14612e+06
1.01726e+07
1.5186e+07
6.62423e+06
4.2185e+06
5.11886e+06
3.17155e+06
5.2532e+06
7.17821e+06
6.24173e+06
4.90808e+06
7.11905e+06
368380.0
5.60893e+06
2.04582e+07
7.24564e+06
1.28745e+07
5.58541e+06
4.57215e+06
1.57384e+07
1.04899e+07
5.3827e+06
1.74709e+06
7.20593e+06
4.04305e+06
7.09254e+06
8.82751e+06
5.30933e+06
6.09355e+06
1.14206e+07
8.62884e+06
9.3363e+06
6.41937e+06
5.31436e+06
7.94623e+06
5.13896e+06
9.73132e+06
7.62395e+06
8.42089e+06
5.84647e+06
6.25971e+06
7.11122e+06
4.49267e+06
7.9188e+06
7.20996e+06
1.10671e+07
1.0504e+07
9.17649e+06
8.93234e+06
3.97529e+06
5.38698e+06
6.05846e+06
6.18892e+06
7.54444e+06
1.69554e+07
5.63721e+06
6.03569e+06
6.81595e+06
1.04171e+07
5.0844e+06
1.65229e+06
1.97851e+06
8.94335e+06
5.70788e+06
1.12282e+07
3.30035e+06
4.94998e+06
5.368e+06
4.50057e+06
5.84567e+06
4.98566e+06
8.26543e+06
5.78843e+06
6.97883e+06
8.98054e+06
5.89485e+06
9.57411e+06
5.90487e+06
5.7524e+06
4.30497e+06
1.20559e+07
8.71158e+06
9.34713e+06
6.18704e+06
5.72321e+06
5.08795e+06
4.8983e+06
4.37688e+06
5.46374e+06
5.98121e+06
7.62666e+06
5.48999e+06
9.00274e+06
9.22268e+06
2.71842e+06
8.06592e+06
9.0746e+06
3.96653e+06
8.69163e+06
5.07777e+06
5.81438e+06
5.1285e+06
4.4007e+06
6.33712e+06
1.54114e+07
7.38521e+06
6.90161e+06
8.14697e+06
7.05012e+06
6.62424e+06
7.03936e+06
3.23852e+06
1.78951e+06
3.59697e+06
7.62666e+06
4.86076e+06
5.80064e+06
3.23374e+06
8.2305e+06
2.83927e+06
3.15893e+07
7.62395e+06
6.25694e+06
1.1041e+07
7.0179e+06
3.05634e+06
4.30525e+06
4.08681e+06
8.26094e+06
2.56416e+06
7.9987e+06
9.51955e+06
1.28889e+07
7.89866e+06
9.5741e+06
5.1578e+06
7.08053e+06
5.64217e+06
7.98193e+06
5.80578e+06
2.94975e+06
5.9879e+06
5.22088e+06
8.77403e+06
7.42037e+06
1.26546e+07
8.19607e+06
1.42765e+07
9.88454e+06
6.26245e+06
7.05654e+06
5.44816e+06
1.3014e+07
7.32183e+06
5.15506e+06
6.75753e+06
6.90454e+06
7.48345e+06
6.19798e+06
2.14591e+07
6.32935e+06
1.28827e+07
4.02903e+06
3.20511e+06
5.60028e+06
6.23166e+06
7.20592e+06
5.69867e+06
8.43963e+06
4.90852e+06
3.27887e+06
4.42496e+06
5.91959e+06
8.77588e+06
4.91149e+06
4.46422e+06
5.41601e+06
9.96995e+06
7.1245e+06
4.33762e+06
8.09918e+06
1.35676e+07
5.84365e+06
9.90961e+06
7.20593e+06
5.36482e+06
6.57495e+06
4.62283e+06
3.48184e+06
5.21309e+06
2.66951e+06
8.14402e+06
7.55097e+06
2.00352e+06
8.23773e+06
4.27948e+06
5.11981e+06
2.94975e+06
8.5346e+06
8.64359e+06
8.26768e+06
8.53662e+06
6.53679e+06
9.61703e+06
5.59777e+06
6.50432e+06
8.34349e+06
8.7734e+06
4.26656e+06
4.58891e+06
7.04877e+06
1.66033e+07
8.00533e+06
6.14483e+06
7.52494e+06
6.15636e+06
5.61023e+06
9.90369e+06
6.74461e+06
9.47206e+06
7.28305e+06
915294.0
1.27366e+07
1.44256e+07
8.47586e+06
8.02115e+06
6.57641e+06
6.3744e+06
4.10795e+06
6.07274e+06
6.5902e+06
1.26063e+07
8.42468e+06
9.59542e+06
2.58462e+06
5.44614e+06
2.41669e+07
7.21402e+06
8.11625e+06
7.99831e+06
4.90844e+06
1.02057e+07
3.20348e+06
3.61454e+06
5.6548e+06
7.17484e+06
5.24026e+06
1.05231e+07
4.01093e+06
4.78262e+06
7.99843e+06
5.54246e+06
7.09858e+06
9.39737e+06
4.41028e+06
7.94137e+06
7.24678e+06
5.69866e+06
1.28675e+07
3.62158e+06
5.14633e+06
3.29504e+06
5.65055e+06
8.96314e+06
7.45771e+06
3.19016e+06
3.4093e+06
4.29409e+06
6.38282e+06
4.59528e+06
4.20614e+06
5.31345e+06
6.59185e+06
1.22532e+07
6.00656e+06
6.12861e+06
3.42606e+06
8.19037e+06
2.66108e+06
1.77345e+07
6.39387e+06
6.10093e+06
4.82072e+06
1.12012e+07
8.95359e+06
6.12802e+06
5.21712e+06
7.31346e+06
7.41291e+06
7.54886e+06
5.01731e+06
9.01938e+06
2.86121e+06
6.6594e+06
4.12441e+06
5.0603e+06
7.88243e+06
6.61971e+06
5.61137e+06
1.4698e+06
3.03266e+06
7.29356e+06
1.44390e+07
6.94487e+06
7.91054e+06
4.85804e+06
1.17702e+07
6.92226e+06
7.9234e+06
2.40349e+06
2.98636e+06
7.30749e+06
7.39012e+06
5.82195e+06
6.34948e+06
7.37697e+06
5.72237e+06
8.19832e+06
6.34674e+06
6.71557e+06
3.62127e+06
8.39305e+06
8.50544e+06
4.34952e+06
9.41071e+06
3.18251e+06
3.65432e+06
4.77911e+06
3.97346e+06
6.12476e+06
3.91343e+06
9.14198e+06
3.52095e+06
1.06963e+07
5.76349e+06
5.82475e+06
1.3695e+07
9.42423e+06
1.12276e+07
3.08622e+06
7.265e+06
9.14578e+06
4.48727e+06
5.70753e+06
8.04267e+06
7.60439e+06
8.35084e+06
7.22173e+06
5.10821e+06
1.07205e+07
6.56228e+06
1.16136e+07
3.8647e+06
5.88627e+06
3.34504e+06
1.3681e+07
5.30217e+06
9.90671e+06
3.93856e+06
9.45084e+06
5.07096e+06
5.97294e+06
7.23578e+06
5.86162e+06
1.18319e+07
6.58094e+06
4.01742e+06
2.70753e+06
2.91038e+06
3.59849e+06
4.62643e+06
5.78623e+06
8.54602e+06
8.31638e+06
7.28933e+06
6.25971e+06
7.24397e+06
6.00422e+06
2.31405e+06
5.63639e+06
4.9355e+06
4.67632e+06
2.83869e+06
8.60739e+06
7.94811e+06
9.76306e+06
5.67536e+06
6.32858e+06
5.10661e+06
7.42805e+06
8.74833e+06
6.07828e+06
5.90011e+06
3.62458e+06
7.03013e+06
6.25553e+06
1.23458e+07
7.50325e+06
5.03895e+06
7.12207e+06
9.42396e+06
3.48678e+06
4.53526e+06
9.33128e+06
7.89983e+06
8.97328e+06
3.90299e+06
5.72749e+06
8.01883e+06
6.0393e+06
6.82738e+06
4.33289e+06
4.05472e+06
7.39966e+06
7.33162e+06
1.40256e+07
8.47053e+06
6.03266e+06
1.48206e+07
8.95988e+06
3.33079e+06
2.05635e+07
4.9551e+06
5.55201e+06
4.53634e+06
4.97749e+06
5.24783e+06
5.14844e+06
3.41478e+06
7.81887e+06
6.82118e+06
7.15433e+06
7.70295e+06
9.04265e+06
7.5411e+06
5.413e+06
6.91598e+06
5.07442e+06
1.77853e+07
5.15643e+06
5.07442e+06
2.68544e+06
1.85564e+07
1.26573e+07
6.02161e+06
3.55911e+06
3.18395e+06
912610.0
5.98669e+06
4.17352e+06
5.63316e+06
5.92199e+06
1.42636e+07
4.0275e+06
5.48096e+06
4.19249e+06
1.76887e+06
9.78265e+06
6.40934e+06
1.03986e+07
5.66678e+06
7.81625e+06
7.26396e+06
5.76032e+06
1.05662e+07
5.14153e+06
8.20874e+06
6.43487e+06
3.47564e+06
5.32076e+06
-788440.0
3.23391e+06
8.67428e+06
8.46268e+06
6.78564e+06
1.24525e+07
4.38075e+06
1.16584e+07
6.91472e+06
9.51185e+06
7.11948e+06
1.0659e+07
1.67648e+07
3.73383e+06
5.14095e+06
5.31157e+06
3.96876e+06
5.89183e+06
5.09811e+06
5.09088e+06
4.24524e+06
5.54459e+06
7.14912e+06
5.57128e+06
7.54304e+06
6.65384e+06
5.63301e+06
2.92918e+06
2.8723e+07
6.24686e+06
8.92257e+06
1.52687e+06
8.00959e+06
8.80826e+06
6.39826e+06
7.78608e+06
3.16519e+06
5.89405e+06
7.13478e+06
7.86699e+06
1.08431e+07
3.24001e+06
5.91546e+06
1.01164e+07
5.01549e+06
7.74491e+06
3.73008e+06
4.88726e+06
3.89074e+06
6.93588e+06
1.73146e+07
4.57611e+06
9.17826e+06
6.1392e+06
3.29835e+06
8.57971e+06
3.40652e+06
5.90953e+06
5.3056e+06
1.12752e+07
5.71836e+06
6.54719e+06
6.77304e+06
1.60306e+07
8.42426e+06
5.84731e+06
8.74405e+06
8.57153e+06
4.49596e+06
3.65752e+06
1.61804e+07
5.94638e+06
5.14319e+06
8.5898e+06
1.78995e+07
9.55636e+06
6.68515e+06
1.53446e+06
2.18682e+06
1.44093e+07
1.48668e+07
8.26768e+06
5.75926e+06
4.19446e+06
3.86433e+06
9.10601e+06
3.93134e+06
9.67713e+06
1.00321e+07
2.92918e+06
8.21889e+06
9.41102e+06
9.88081e+06
7.68273e+06
6.79672e+06
1.73525e+07
7.86769e+06
4.90288e+06
4.09887e+06
4.52562e+06
4.73327e+06
8.83352e+06
7.41237e+06
6.1092e+06
3.87572e+06
6.10355e+06
6.81987e+06
5.24895e+06
1.49654e+07
1.28094e+07
6.20324e+06
6.33249e+06
3.15184e+06
6.03323e+06
9.21328e+06
1.05992e+07
3.53715e+06
4.08552e+06
4.21359e+06
8.01571e+06
5.06059e+06
4.87073e+06
5.85888e+06
5.78676e+06
7.18461e+06
8.05139e+06
3.99865e+06
4.98587e+06
7.16175e+06
4.62101e+06
5.01279e+06
1.35986e+07
2.91069e+06
7.59818e+06
1.41169e+07
8.75899e+06
6.00013e+06
5.90594e+06
6.85828e+06
8.76007e+06
1.01973e+07
8.49269e+06
5.28359e+06
4.8909e+06
7.48022e+06
4.92327e+06
4.88598e+06
6.37898e+06
7.21841e+06
1.39426e+07
2.67808e+06
9.87145e+06
6.31244e+06
3.71905e+06
4.21341e+06
6.48394e+06
4.86399e+06
5.25517e+06
5.42743e+06
8.22849e+06
4.38678e+06
4.64466e+06
7.26193e+06
6.49765e+06
7.70166e+06
6.8644e+06
3.90122e+06
5.45170e+06
2.81801e+06
7.39309e+06
5.6324e+06
7.1876e+06
4.73696e+06
4.99738e+06
7.19488e+06
4.63863e+06
7.75135e+06
6.52416e+06
4.81596e+06
5.38729e+06
7.12616e+06
7.67291e+06
1.18912e+07
6.07274e+06
1.16848e+07
4.89172e+06
5.2878e+06
6.4605e+06
7.40441e+06
8.05715e+06
6.22357e+06
6.99493e+06
1.19909e+07
5.33418e+06
9.18149e+06
5.88909e+06
6.46345e+06
6.75727e+06
3.28061e+06
7.57615e+06
1.04631e+07
3.33114e+06
1.00814e+07
1.6165e+07
6.86294e+06
6.18845e+06
9.41558e+06
5.52921e+06
4.12334e+06
1.25133e+07
7.41213e+06
7.47496e+06
1.03126e+07
1.6004e+07
7.63755e+06
5.95132e+06
4.46932e+06
6.71351e+06
7.47458e+06
6.21766e+06
3.91932e+06
5.72621e+06
9.84551e+06
6.15807e+06
7.09595e+06
8.24972e+06
7.40168e+06
4.26275e+06
4.2185e+06
8.13913e+06
4.59757e+06
5.821e+06
5.52341e+06
8.29855e+06
1.2394e+07
-73022.6
1.40417e+07
5.45415e+06
8.46027e+06
1.07497e+07
6.21212e+06
1.25771e+07
5.17036e+06
2.02699e+07
6.20261e+06
3.59659e+07
8.51646e+06
9.77999e+06
5.47561e+06
5.47525e+06
4.24024e+06
2.54591e+06
7.40548e+06
4.81598e+06
5.8693e+06
3.99037e+06
5.24947e+07
6.06582e+06
5.7434e+06
6.7513e+06
5.96819e+06
6.7655e+06
6.94218e+06
1.37083e+07
1.08998e+07
7.63868e+06
2.95989e+06
4.87877e+06
4.53146e+06
6.63992e+06
754432.0
9.6287e+06
3.13147e+06
6.71012e+06
6.75197e+06
6.79279e+06
1.1063e+07
6.36921e+06
7.37183e+06
5.42229e+06
5.30365e+06
2.41621e+07
5.39117e+06
8.19894e+06
6.36491e+06
4.66441e+06
6.88235e+06
8.7399e+06
3.37655e+07
4.70966e+06
9.23468e+06
7.08468e+06
9.77675e+06
3.78532e+06
7.77496e+06
1.32141e+07
6.6971e+06
1.34835e+07
4.99144e+06
1.44547e+07
3.34115e+06
9.10079e+06
5.98435e+06
6.33135e+06
6.05079e+06
8.35496e+06
1.01195e+07
8.8032e+06
1.24992e+07
5.37962e+06
7.0095e+06
3.59415e+06
5.99213e+06
6.64516e+06
4.37205e+06
4.26275e+06
6.65966e+06
6.73421e+06
1.02632e+07
4.86974e+06
6.21063e+06
2.15379e+06
1.14088e+07
4.97272e+06
4.49323e+06
1.07786e+07
8.42444e+06
3.84436e+06
4.6155e+06
8.10993e+06
6.83936e+06
9.56558e+06
1.11628e+07
7.76143e+06
5.6368e+06
9.93367e+06
3.92785e+06
7.76516e+06
7.07814e+06
3.62233e+06
3.26362e+06
4.66222e+06
6.26825e+06
1.769e+07
1.96064e+07
4.15437e+06
1.00636e+07
5.16646e+06
9.8129e+06
5.52861e+06
6.79257e+06
1.00459e+07
8.01219e+06
1.19907e+07
5.07283e+06
3.67372e+06
4.08734e+06
7.08385e+06
5.84484e+06
5.58802e+06
1.38933e+07
8.67744e+06
6.17886e+06
4.66153e+06
3.12404e+06
4.69408e+06
4.19382e+06
2.45596e+07
7.12502e+06
4.94755e+06
3.07382e+06
1.18852e+07
3.21218e+06
7.31225e+06
6.22128e+06
3.4593e+06
5.44675e+06
7.78545e+06
5.77873e+06
5.30101e+06
6.56517e+06
5.43041e+06
6.4074e+06
7.56585e+06
1.06835e+07
8.7461e+06
6.61691e+06
1.56966e+06
5.42906e+06
4.91835e+06
838411.0
3.60255e+06
6.62762e+06
770042.0
4.83666e+06
4.00589e+06
7.25963e+06
5.17117e+06
1.45014e+07
7.12126e+06
8.44054e+06
4.00704e+06
8.24529e+06
4.86652e+06
9.66131e+06
1.0097e+07
5.27281e+06
6.59674e+06
9.18403e+06
5.98657e+06
9.00776e+06
5.25589e+06
1.25324e+07
3.9932e+06
1.01144e+07
1.39432e+07
5.77656e+06
5.46044e+06
5.55655e+06
3.75568e+06
1.09239e+07
7.10698e+06
7.45964e+06
1.4327e+07
7.59096e+06
1.04408e+07
1.50069e+07
1.97644e+07
4.67451e+06
2.97072e+06
7.18031e+06
7.7094e+06
8.17433e+06
5.47308e+06
6.82016e+06
9.67525e+06
1.47922e+07
1.04002e+07
2.55994e+06
4.93192e+06
6.30026e+06
5.44607e+06
7.63364e+06
6.01569e+06
1.87173e+07
5.09205e+06
9.49518e+06
1.60311e+07
5.35516e+06
5.29402e+06
5.4719e+06
1.84222e+07
3.35107e+06
5.13333e+06
7.56848e+06
9.49521e+06
7.738e+06
5.00476e+06
8.32588e+06
7.61114e+06
9.41849e+06
4.12469e+06
5.88763e+06
5.94585e+06
4.92015e+06
9.40638e+06
5.73404e+06
7.99332e+06
3.89533e+06
1.3942e+07
4.92506e+06
6.30165e+06
1.70446e+07
7.2192e+06
7.06699e+06
9.09584e+06
5.20387e+06
8.8542e+06
5.47168e+06
3.43629e+06
9.77296e+06
9.68316e+06
6.53439e+06
7.19677e+06
6.83788e+06
5.75812e+06
6.15395e+06
3.16862e+07
7.7012e+06
1.0617e+07
5.30806e+06
4.47659e+06
4.85264e+06
4.51078e+06
8.10049e+06
4.88668e+06
1.09643e+07
6.26236e+06
8.15885e+06
7.59199e+06
3.57928e+06
1.8378e+07
4.55207e+06
5.89088e+06
1.17165e+07
4.06322e+06
2.28281e+07
7.39764e+06
8.95402e+06
8.99958e+06
4.36831e+06
1.13572e+07
3.93082e+06
5.4459e+06
8.24728e+06
9.78227e+06
2.22136e+07
5.52986e+06
1.46344e+07
3.45574e+06
1.01199e+07
5.84314e+06
3.54232e+06
6.59168e+06
9.38207e+06
6.32807e+06
6.07415e+06
8.15154e+06
4.48094e+06
8.49687e+06
5.86961e+06
4.49412e+06
4.62733e+06
3.03839e+06
915410.0
1.60525e+07
6.19009e+06
1.72828e+07
8.25625e+06
7.26978e+06
7.49692e+06
5.63601e+06
3.78408e+06
5.21609e+06
9.15681e+06
8.00013e+06
5.29629e+06
3.62233e+06
5.98057e+06
4.54896e+06
9.11265e+06
9.2195e+06
7.13525e+06
7.10408e+06
3.84951e+06
5.9449e+06
4.06706e+06
5.27837e+06
7.44687e+06
1.68716e+07
1.26362e+07
6.77026e+06
5.71544e+06
1.25238e+06
1.04379e+07
1.85513e+06
5.72075e+06
7.67119e+06
5.5596e+06
8.5958e+06
2.21287e+06
7.62384e+06
7.0195e+06
9.0012e+06
6.14081e+06
9.57072e+06
1.13402e+07
6.10195e+06
7.53707e+06
5.78066e+06
6.05735e+06
1.27875e+07
5.20155e+06
6.96108e+06
6.69866e+06
4.19924e+06
2.84935e+06
9.62441e+06
3.74477e+06
3.38934e+06
1.26134e+07
4.9029e+06
5.60402e+06
1.60604e+07
1.65715e+07
7.94915e+06
6.5388e+06
7.07948e+06
1.28447e+07
5.57876e+06
3.9924e+06
6.1313e+06
6.95141e+06
5.62488e+06
9.3647e+06
9.20084e+06
6.80679e+06
6.33487e+06
5.66536e+06
5.55731e+06
5.95226e+06
7.06189e+06
6.27294e+06
7.50446e+06
4.46435e+06
4.41823e+06
8.5424e+06
9.83062e+06
4.91767e+06
6.37616e+06
7.1752e+06
9.29487e+06
4.86661e+06
6.04919e+06
4.24708e+06
6.09101e+06
5.5935e+06
8.66746e+06
6.82496e+06
3.62882e+06
3.95747e+06
1.51603e+07
6.96732e+06
5.60098e+06
8.11991e+06
3.61831e+06
6.31451e+06
5.40634e+06
8.53463e+06
8.79755e+06
6.17555e+06
1.03442e+07
7.75775e+06
9.24356e+06
4.76287e+06
5.63988e+06
7.95409e+06
5.84474e+06
5.21474e+06
1.26827e+07
8.69465e+06
4.0116e+06
5.22721e+06
1.25094e+07
5.01742e+06
4.71332e+06
6.01756e+06
7.0534e+06
4.56704e+06
7.85762e+06
9.94069e+06
3.5277e+06
1.08715e+07
5.42557e+06
8.71458e+06
6.58854e+06
9.67615e+06
6.50199e+06
4.73595e+06
9.04942e+06
7.16103e+06
6.93159e+06
1.66667e+07
9.61648e+06
5.61801e+06
6.14602e+06
1.85775e+07
8.54706e+06
5.15669e+06
2.60642e+06
9.11909e+06
7.56949e+06
5.70983e+06
3.61622e+06
4.73759e+06
7.84869e+06
5.08785e+06
6.08407e+06
1.90881e+07
5.12908e+06
6.27551e+06
9.43427e+06
7.9428e+06
5.64832e+06
6.12724e+06
7.54336e+06
4.99531e+06
1.66151e+07
7.60221e+06
1.30557e+07
7.02516e+06
3.09178e+06
6.42238e+06
3.50942e+06
9.19442e+06
4.11559e+06
3.87905e+06
4.24329e+06
5.36976e+06
9.8331e+06
1.71795e+07
7.91158e+06
5.55813e+06
4.70361e+06
9.17216e+06
9.11358e+06
4.12236e+06
8.66427e+06
5.09812e+06
7.10657e+06
2.85321e+06
5.35114e+06
3.21895e+06
9.50934e+06
7.17584e+06
2.7272e+06
5.60388e+06
7.72938e+06
3.4639e+06
1.35269e+07
5.74795e+06
1.05163e+07
9.40638e+06
7.46566e+06
5.71544e+06
6.57351e+06
6.93765e+06
4.29882e+06
7.40203e+06
8.62776e+06
5.7519e+06
5.92614e+06
9.74378e+06
4.70265e+06
6.35461e+06
2.37841e+06
6.46013e+06
1.87163e+07
1.56283e+07
7.19475e+06
1.00354e+07
1.10479e+07
4.09958e+06
8.03248e+06
1.19962e+07
1.14884e+07
4.30804e+06
4.78557e+06
4.84399e+06
1.05584e+07
7.15592e+06
2.18527e+06
9.12631e+06
4.26847e+06
4.50057e+06
7.88517e+06
4.60573e+06
6.44621e+06
6.68872e+06
1.45019e+07
1.59764e+07
7.76368e+06
6.40771e+06
9.49749e+06
1.44959e+07
5.6573e+06
8.32534e+06
8.59322e+06
1.45457e+07
5.76349e+06
7.62155e+06
6.38329e+06
4.5025e+06
5.45943e+06
3.55878e+06
9.78162e+06
9.38978e+06
7.6469e+06
9.19172e+06
4.74813e+06
6.23466e+06
5.1752e+06
1.02465e+07
6.31809e+06
7.57417e+06
1.08091e+07
4.87211e+06
7.06959e+06
5.63328e+06
5.57271e+06
1.01921e+07
4.6164e+06
4.08508e+06
6.42403e+06
3.44869e+06
8.74903e+06
3.62233e+06
3.46879e+06
9.29027e+06
7.91841e+06
3.09971e+06
1.05777e+07
7.12702e+06
6.96111e+06
6.5569e+06
1.05814e+07
7.28148e+06
1.67144e+07
7.26938e+06
1.85873e+07
6.16789e+06
8.89524e+06
9.63962e+06
4.06366e+06
7.92996e+06
2.55395e+06
2.35614e+06
3.90805e+06
8.01101e+06
6.12704e+06
5.96006e+06
8.08069e+06
4.97121e+06
1.78467e+07
3.68822e+06
6.81099e+06
5.45757e+06
3.77996e+06
2.77164e+07
5.18076e+06
7.55827e+06
1.30674e+07
3.1769e+06
2.36193e+07
4.44293e+06
4.23243e+06
8.87588e+06
9.96053e+06
5.73988e+06
7.2536e+06
6.90882e+06
5.72251e+06
3.66852e+06
7.75567e+06
9.45962e+06
5.51885e+06
5.48449e+06
3.62233e+06
7.29968e+06
7.45786e+06
4.05152e+06
5.98615e+06
5.84004e+06
3.34205e+06
9.22511e+06
1.15273e+07
1.75553e+07
6.86562e+06
6.15636e+06
4.38027e+07
6.07536e+06
6.21875e+06
3.86263e+06
6.55099e+06
1.07649e+07
4.09107e+06
3.8411e+06
8.01466e+06
9.38136e+06
5.34046e+06
749554.0
3.91854e+06
4.47356e+06
3.37229e+06
6.36808e+06
1.02284e+07
4.3906e+06
9.48136e+06
6.51976e+06
9.36099e+06
8.08638e+06
5.46499e+06
3.96839e+06
1.14093e+07
1.34575e+07
6.32702e+06
8.5898e+06
4.82935e+06
4.89552e+06
1.25902e+07
6.95956e+06
4.15221e+06
5.00715e+06
4.75484e+06
6.44421e+06
6.91675e+06
2.30445e+06
1.07415e+07
9.66676e+06
7.18039e+06
4.85603e+06
1.17463e+07
1.01954e+07
1.2908e+07
2.47771e+06
3.65015e+06
5.63e+06
9.07334e+06
8.08628e+06
2.18584e+07
9.27478e+06
1.3724e+07
5.53802e+06
9.41573e+06
9.3532e+06
5.90285e+06
1.13925e+07
6.4948e+06
7.95859e+06
3.95023e+06
8.37961e+06
6.31571e+06
1.07424e+07
4.21651e+06
5.11610e+06
8.23084e+06
8.44043e+06
6.56611e+06
3.76554e+06
5.93035e+06
549117.0
6.14602e+06
5.47596e+06
8.57282e+06
9.49009e+06
1.47756e+06
5.71507e+06
5.33492e+06
9.83282e+06
5.26207e+06
7.71425e+06
7.17928e+06
1.03051e+07
4.12647e+06
9.88984e+06
7.24636e+06
1.07833e+07
7.9234e+06
3.55986e+06
3.57948e+06
9.9326e+06
7.31252e+06
7.6413e+06
8.76661e+06
6.00591e+06
7.21556e+06
6.4014e+06
7.71166e+06
8.32605e+06
6.32455e+06
5.11452e+06
3.90601e+06
7.43109e+06
7.85764e+06
8.54602e+06
3.93706e+06
4.74048e+06
1.52505e+07
4.6644e+06
7.28175e+06
7.56658e+06
1.04683e+07
4.60222e+06
1.0746e+07
3.76681e+06
7.31658e+06
3.26962e+06
3.07015e+06
4.87199e+06
4.76239e+06
6.1067e+06
4.71612e+06
3.99288e+06
3.42574e+06
1.12023e+07
8.99958e+06
4.4353e+06
8.47586e+06
7.56559e+06
9.49566e+06
7.07172e+06
9.49411e+06
5.24252e+06
5.65836e+06
4.18469e+06
3.30035e+06
3.46737e+06
6.78291e+06
4.2185e+06
4.08004e+06
4.53682e+06
4.91412e+06
5.74273e+06
7.65664e+06
4.6468e+06
7.69421e+06
9.25015e+06
3.25410e+06
9.26236e+06
3.95023e+06
3.30035e+06
4.87972e+06
5.08063e+06
7.49164e+06
1.33072e+07
6.04685e+06
2.06873e+07
7.24169e+06
6.443e+06
6.21018e+06
1.52242e+06
6.71874e+06
7.37207e+06
8.35291e+06
9.42859e+06
1.00861e+07
1.36777e+07
3.92723e+06
5.78623e+06
4.0271e+06
1.0767e+07
4.43829e+06
6.66e+06
3.1769e+06
8.06697e+06
2.73808e+06
2.52556e+06
6.49058e+06
3.80861e+06
5.8179e+06
9.44544e+06
4.25749e+06
7.72837e+06
3.20815e+06
7.45544e+06
4.8617e+06
3.97477e+06
7.91662e+06
5.60782e+06
6.08889e+06
2.92351e+06
3.48807e+06
1.31403e+06
1.61368e+07
1.0631e+07
3.82909e+06
6.06096e+06
8.77903e+06
6.61467e+06
1.64364e+07
2.8536e+06
9.15433e+06
7.15837e+06
8.13254e+06
1.1483e+07
6.7965e+06
4.46756e+06
1.05522e+07
1.02815e+07
6.90197e+06
6.05754e+06
4.28591e+06
4.25695e+06
6.09366e+06
6.79533e+06
4.67999e+06
1.00222e+07
4.28943e+06
5.97294e+06
6.27526e+06
5.68305e+06
2.66622e+07
5.56116e+06
4.37333e+06
1.50345e+07
5.71344e+06
8.17109e+06
3.57373e+06
5.1015e+06
962036.0
3.63359e+06
8.10912e+06
8.09859e+06
1.57518e+07
4.14522e+06
3.8768e+06
7.21749e+06
1.0556e+07
6.51449e+06
5.79435e+06
6.81111e+06
4.12334e+06
3.95404e+06
8.598e+06
6.53966e+06
7.50657e+06
5.7485e+06
9.44315e+06
6.32858e+06
5.07319e+06
5.65302e+06
4.92179e+06
9.3525e+06
4.45516e+06
3.96905e+06
6.93084e+06
6.44096e+06
1.03168e+07
9.36693e+06
1.34464e+07
9.83692e+06
8.18337e+06
8.73513e+06
4.02085e+06
2.80112e+06
3.41883e+06
7.06506e+06
6.8338e+06
1.05209e+07
7.35077e+06
5.51768e+06
4.02652e+06
9.02724e+06
1.19212e+07
5.53146e+06
5.59146e+06
1.08087e+07
4.72926e+06
1.33658e+07
1.15204e+06
7.58437e+06
9.13649e+06
1.36773e+07
5.74287e+06
7.07453e+06
1.04477e+07
9.4451e+06
7.48752e+06
4.19989e+06
7.23836e+06
5.21927e+06
9.21491e+06
6.35051e+06
3.60972e+06
6.22238e+06
6.2652e+06
8.51646e+06
6.06252e+06
7.09804e+06
5.44176e+06
7.78932e+06
1.43239e+07
1.13051e+07
1.36726e+07
9.89457e+06
4.70666e+06
4.92671e+06
9.33091e+06
1.71631e+07
6.49898e+06
7.64814e+06
5.20427e+06
5.56283e+06
7.26015e+06
4.54081e+06
3.36808e+06
1.25321e+07
5.59415e+06
5.97733e+06
2.07074e+06
2.02674e+07
7.90369e+06
7.17955e+06
8.39014e+06
6.39621e+06
7.34421e+06
8.92694e+06
7.0595e+06
1.22187e+07
3.0755e+07
3.02134e+06
4.75119e+06
7.81137e+06
4.95674e+06
4.03071e+06
4.92839e+06
8.78944e+06
3.46452e+06
5.07422e+06
9.46073e+06
8.68774e+06
8.18096e+06
3.70506e+06
5.32938e+06
9.18805e+06
1.45752e+06
5.17806e+06
1.29483e+07
8.3508e+06
9.19239e+06
4.84545e+06
8.45533e+06
8.51875e+06
6.40742e+06
6.538e+06
1.12747e+07
3.40493e+06
3.2347e+06
1.62496e+07
1.78868e+07
1.58336e+07
1.12282e+07
8.51944e+06
6.63654e+06
1.04619e+07
3.82909e+06
2.30326e+07
3.68652e+06
3.8991e+06
6.7434e+06
1.23285e+07
7.40105e+06
3.80991e+06
7.14182e+06
6.92768e+06
7.37697e+06
3.07416e+06
6.78199e+06
1.55585e+07
1.11845e+07
7.07991e+06
5.69741e+06
2.08403e+07
3.44096e+06
6.64264e+06
6.50864e+06
6.47857e+06
5.82056e+06
1.28649e+07
5.24719e+06
1.11158e+07
2.64179e+06
4.10423e+06
5.18932e+06
3.60653e+06
5.65245e+06
1.44571e+07
7.46468e+06
5.58366e+06
9.10046e+06
1.0728e+07
7.35025e+06
4.33379e+06
5.8271e+06
8.78498e+06
6.06328e+06
3.30035e+06
6.12157e+06
5.51886e+06
6.82999e+06
5.77694e+06
1.09974e+07
5.65152e+06
1.20155e+07
5.64121e+06
2.0328e+07
6.01172e+06
4.15232e+06
6.84377e+06
9.86104e+06
8.21858e+06
7.37595e+06
9.01818e+06
1.02391e+07
6.51491e+06
1.21165e+07
8.17924e+06
1.19439e+07
6.17771e+06
4.87543e+06
3.24681e+06
1.18929e+07
6.56629e+06
7.89821e+06
7.69137e+06
6.89354e+06
8.26772e+06
5.68988e+06
8.68799e+06
4.36327e+06
1.03341e+07
6.15543e+06
8.46628e+06
2.8536e+06
4.08998e+06
5.03857e+06
7.03421e+06
8.72893e+06
8.64834e+06
3.62233e+06
6.09892e+06
7.51608e+06
5.85301e+06
8.90488e+06
5.75886e+06
1.27222e+07
5.50746e+06
1.0013e+07
5.35114e+06
5.78246e+06
5.19327e+06
8.0148e+06
2.09034e+07
5.33271e+06
9.2724e+06
3.70426e+06
7.91068e+06
6.04293e+06
4.21469e+06
5.8663e+06
4.94292e+06
4.96912e+06
8.83596e+06
3.53715e+06
3.16933e+06
1.03476e+07
4.77632e+06
1.48477e+07
6.2177e+06
4.41951e+06
4.45516e+06
6.71874e+06
2.06408e+06
1.02139e+07
6.18241e+06
5.11133e+06
1.35542e+07
8.46025e+06
6.55015e+06
6.816e+06
3.36041e+06
3.7736e+06
5.01963e+06
6.376e+06
2.78022e+06
6.78769e+06
6.09104e+06
9.33475e+06
6.43552e+06
6.31316e+06
4.21621e+06
5.75565e+06
5.72242e+06
7.95976e+06
5.3844e+06
2.15379e+06
1.17899e+07
1.44791e+07
8.99315e+06
6.87489e+06
3.25676e+06
6.99403e+06
5.33992e+06
8.54602e+06
1.58154e+07
5.40337e+06
4.38024e+06
6.14353e+06
4.93952e+06
5.69762e+06
2.12470e+06
1.71262e+06
4.59391e+06
5.95298e+06
3.1769e+06
7.56286e+06
1.03354e+07
5.85975e+06
9.14054e+06
4.0747e+06
5.45432e+07
6.45872e+06
5.80743e+06
6.51236e+06
1.18147e+06
6.34594e+06
5.17909e+06
1.32683e+07
6.49607e+06
6.15516e+06
1.00614e+07
7.34769e+06
3.4851e+06
8.88526e+06
4.19875e+06
2.58032e+07
5.51849e+06
5.28522e+06
1.04105e+07
3.60641e+06
5.71946e+06
6.44087e+06
1.05236e+06
5.56715e+06
7.23948e+06
5.44738e+06
6.69391e+06
3.33107e+06
2.87232e+06
6.09914e+06
6.26414e+06
2.69032e+06
8.56716e+06
5.95088e+06
2.71162e+06
7.68094e+06
7.38679e+06
7.00531e+06
5.17126e+06
1.08492e+07
8.81874e+06
3.96764e+06
5.67465e+06
7.25739e+06
3.03854e+06
1.30674e+07
8.23729e+06
4.61533e+06
1.09229e+07
7.0447e+06
8.66122e+06
9.46595e+06
1.08025e+07
6.96743e+06
5.88514e+06
3.25676e+06
8.69067e+06
4.67536e+06
4.20337e+06
2.58481e+06
4.99354e+06
5.7098e+06
4.03317e+06
8.86203e+06
5.63076e+06
6.91285e+06
1.82125e+07
9.13911e+06
5.54835e+06
2.7137e+06
1.43843e+07
5.22407e+06
5.18318e+06
6.13615e+06
6.36394e+06
8.6691e+06
1.03039e+07
4.4542e+06
1.2195e+07
5.07389e+06
5.72814e+06
9.96559e+06
4.59062e+06
4.61653e+06
6.84259e+06
4.20026e+06
1.81124e+07
5.0693e+06
7.81908e+06
5.61135e+06
5.48096e+06
8.13779e+06
4.36822e+06
4.37734e+06
9.26753e+06
3.78564e+06
7.20593e+06
1.0038e+07
2.13053e+07
1.14636e+07
8.83894e+06
5.0465e+06
7.10098e+06
3.2272e+06
5.09648e+06
2.46757e+06
4.87199e+06
7.08857e+06
6.69319e+06
3.61192e+06
7.06101e+06
6.1561e+06
7.96136e+06
1.7403e+07
3.81711e+06
1.21085e+07
2.0328e+07
7.91461e+06
1.42905e+06
5.26989e+06
1.15294e+07
8.3336e+06
4.51707e+06
9.63101e+06
4.68728e+06
4.75835e+06
3.56384e+06
6.10125e+06
5.78784e+06
1.10489e+07
5.11142e+06
3.91829e+06
8.31563e+06
3.57507e+06
9.30729e+06
2.91551e+06
3.43147e+06
1.88062e+07
4.32226e+06
5.45352e+06
4.2911e+06
7.10147e+06
7.03849e+06
3.15764e+06
5.6757e+06
2.87213e+06
3.66413e+06
7.0136e+06
6.21904e+06
1.37269e+07
4.19946e+06
1.87503e+07
3.66709e+06
7.49554e+06
8.35908e+06
8.01246e+06
2.29749e+06
7.42829e+06
6.36260e+06
7.73289e+06
6.75871e+06
8.39485e+06
5.14543e+06
9.33091e+06
3.45335e+06
2.94814e+06
5.49394e+06
7.53055e+06
7.0479e+06
4.88056e+06
4.72785e+06
1.05666e+07
8.81916e+06
8.15604e+06
8.7939e+06
5.21344e+06
7.30246e+06
1.60528e+07
3.15956e+06
7.23677e+06
7.92289e+06
1.27124e+07
6.7259e+06
2.74648e+06
3.92356e+06
5.87192e+06
6.90019e+06
7.00442e+06
5.85301e+06
8.22191e+06
5.2861e+06
5.77811e+06
1.4902e+07
6.11492e+06
6.62143e+06
1.14069e+07
6.18776e+06
1.22124e+07
1.0023e+07
4.40964e+06
7.85438e+06
6.11813e+06
4.15924e+06
7.28618e+06
9.66351e+06
1.08369e+07
7.90295e+06
9.03426e+06
8.85821e+06
6.57492e+06
5.42911e+06
3.30035e+06
5.37709e+06
6.22551e+06
6.32765e+06
1.12789e+07
5.71571e+06
1.29364e+07
4.8961e+06
4.77077e+06
7.47895e+06
5.44112e+06
5.9771e+06
8.85845e+06
1.72229e+07
1.24244e+07
5.23415e+06
5.9527e+06
2.79963e+06
1.1913e+07
2.85813e+06
2.10468e+06
7.6836e+06
5.42156e+06
8.49482e+06
4.18559e+06
9.36471e+06
3.07677e+06
4.44972e+06
3.69425e+06
4.88255e+06
1.4843e+07
6.12976e+06
1.16078e+07
1.0814e+07
5.95384e+06
7.08753e+06
3.95452e+06
9.36874e+06
9.31823e+06
7.1408e+06
4.94466e+06
3.87639e+06
1.03244e+07
3.17789e+06
3.54546e+06
6.24229e+06
7.33515e+06
5.42479e+06
5.50652e+06
2.43094e+07
4.80474e+06
4.91723e+06
1.47756e+06
6.07499e+06
4.01423e+06
4.79596e+06
4.31346e+06
693460.0
4.01806e+06
9.85371e+06
1.05227e+07
8.23238e+06
5.98092e+06
6.8317e+06
8.28804e+06
1.13825e+07
5.01892e+06
5.17142e+06
1.80576e+06
4.85936e+06
4.94659e+06
1.30699e+07
3.332e+06
9.25614e+06
8.51944e+06
1.08858e+07
5.02493e+06
8.32619e+06
5.26041e+06
1.58059e+07
4.96027e+06
8.32893e+06
1.06265e+07
7.29398e+06
7.29384e+06
4.00606e+06
2.02361e+07
9.52566e+06
4.52774e+06
6.91876e+06
6.38407e+06
1.27513e+07
789858.0
6.5042e+06
7.78482e+06
7.00936e+06
6.69655e+06
1.25365e+07
7.97165e+06
4.41396e+06
2.38271e+06
5.86889e+06
4.75853e+06
6.67035e+06
5.76965e+06
3.82169e+06
6.84134e+06
1.79284e+07
1.14944e+07
1.19771e+07
4.79792e+06
3.42229e+06
3.26346e+07
9.75401e+06
5.90729e+06
1.33927e+07
4.77030e+06
3.12859e+06
5.55514e+06
8.43988e+06
6.18398e+06
7.36392e+06
6.23664e+06
1.13004e+07
6.70428e+06
1.10311e+07
1.327e+07
1.39476e+07
8.61616e+06
4.13268e+06
9.29093e+06
3.55883e+06
2.01041e+06
7.29006e+06
9.19883e+06
2.09119e+07
7.1468e+06
7.24116e+06
3.7961e+06
7.54428e+06
3.81871e+06
1.25108e+07
4.55473e+06
8.88731e+06
8.05152e+06
1.19378e+07
1.27023e+06
6.62589e+06
6.36573e+06
1.05902e+07
8.5769e+06
5.36832e+06
8.37418e+06
6.76526e+06
7.0502e+06
7.53744e+06
8.25241e+06
7.438e+06
6.41797e+06
6.23161e+06
5.96015e+06
6.27612e+06
8.1969e+06
6.56151e+06
6.36029e+06
7.70694e+06
949545.0
7.04714e+06
7.27296e+06
2.69922e+06
4.14479e+06
7.17948e+06
7.06868e+06
8.26216e+06
8.48302e+06
7.07192e+06
6.2633e+06
7.55991e+06
6.63092e+06
3.23568e+06
8.57389e+06
4.42102e+06
5.89611e+06
6.48392e+06
5.73376e+06
6.88226e+06
1.54423e+07
5.41703e+06
3.41616e+06
4.13704e+06
7.02379e+06
1.29885e+07
4.03084e+06
4.26359e+06
1.41478e+07
1.10078e+07
7.49848e+06
1.09564e+07
5.32295e+06
2.30252e+06
5.13437e+06
5.10307e+06
2.08729e+06
6.85881e+06
6.65464e+06
5.81741e+06
2.7822e+06
6.67651e+06
3.87959e+06
6.40755e+06
6.40808e+06
5.33247e+06
9.23719e+06
1.16735e+07
6.04886e+06
6.0221e+06
1.01589e+07
5.99225e+06
7.49714e+06
6.16183e+06
1.22411e+07
5.69885e+06
6.2136e+06
5.14156e+06
9.04819e+06
9.0114e+06
1.63824e+07
2.56646e+06
3.84757e+06
1.15702e+07
9.32665e+06
1.96013e+07
8.65902e+06
7.73354e+06
5.57495e+06
5.66263e+06
2.37725e+06
5.28082e+06
7.43289e+06
5.95299e+06
3.54454e+06
3.04547e+06
6.37837e+06
8.47413e+06
5.66602e+06
5.59146e+06
3.8674e+06
9.47083e+06
1.06996e+07
2.97812e+06
6.63491e+06
6.56805e+06
7.11314e+06
5.63772e+06
9.80171e+06
7.16533e+06
1.69012e+07
2.10059e+06
6.40536e+06
9.30505e+06
7.04222e+06
4.40581e+06
9.09207e+06
9.94438e+06
3.09927e+06
4.80688e+06
6.31295e+06
9.52431e+06
4.71903e+06
1.16637e+07
2.78982e+06
6.89036e+06
7.38396e+06
2.3656e+06
5.80578e+06
810136.0
1.06174e+07
4.70025e+06
1.88125e+07
6.02449e+06
8.5069e+06
6.10848e+06
7.69487e+06
4.94133e+06
9.34225e+06
3.36544e+06
4.42734e+06
1.01276e+07
2.93308e+06
1.17383e+07
9.96829e+06
4.07058e+06
5.27848e+06
3.98828e+06
1.13471e+07
9.4319e+06
1.14001e+07
1.31071e+07
5.82781e+06
7.08248e+06
3.85203e+06
7.35461e+06
8.76007e+06
1.21959e+07
4.99336e+06
8.08257e+06
8.46682e+06
4.72211e+06
1.68104e+07
6.31175e+06
6.07274e+06
7.81668e+06
6.64149e+06
4.01077e+06
4.79009e+06
5.26207e+06
1.07038e+07
3.09644e+07
6.89818e+06
5.29534e+06
6.85177e+06
9.40638e+06
7.31129e+06
1.65242e+07
8.56684e+06
6.25232e+06
5.8163e+06
3.48486e+06
7.97416e+06
6.28771e+06
8.21889e+06
5.55321e+06
1.48399e+07
6.81281e+06
6.76237e+06
8.617e+06
1.06777e+07
4.40712e+06
6.73981e+06
1.40762e+07
4.56331e+06
7.42103e+06
8.99712e+06
3.90028e+06
7.1491e+06
6.88705e+06
7.02128e+06
6.16452e+06
7.16199e+06
2.86519e+06
3.06831e+06
2.09198e+06
4.33816e+06
3.92573e+06
4.10724e+06
3.21967e+06
7.66296e+06
1.21914e+07
1.13276e+07
5.05761e+06
2.56302e+07
6.5164e+06
5.02145e+06
5.42164e+06
6.66368e+06
7.31736e+06
1.49483e+07
6.55538e+06
7.96013e+06
2.96543e+06
9.41242e+06
1.36329e+07
4.91315e+06
5.75977e+06
8.22173e+06
3.55394e+06
7.91199e+06
7.7348e+06
4.53469e+06
4.03937e+06
7.68221e+06
4.67178e+06
5.67776e+06
6.30026e+06
5.90613e+06
5.10031e+06
8.35658e+06
5.53368e+06
2.23154e+06
6.1391e+06
7.05536e+06
5.26787e+06
1.67146e+07
8.15843e+06
6.71399e+06
1.04318e+07
3.52139e+06
7.54014e+06
4.47315e+06
1.22179e+07
4.47337e+06
2.80658e+06
4.974e+06
6.85012e+06
7.69369e+06
9.25125e+06
3.0653e+06
5.62182e+06
2.13819e+07
6.5293e+06
5.88606e+06
5.52459e+06
893882.0
8.76245e+06
1.75975e+07
3.98562e+06
6.08523e+06
1.38121e+07
1.09505e+07
6.64279e+06
8.03488e+06
7.18774e+06
1.07269e+07
6.74432e+06
4.27886e+06
5.47147e+06
1.05213e+07
1.2972e+07
9.20536e+06
6.60319e+06
1.02402e+07
4.37461e+06
4.70446e+06
1.9147e+07
2.93199e+06
7.00322e+06
7.50933e+06
7.36721e+06
6.11496e+06
6.61235e+06
2.1116e+06
4.23964e+06
2.907e+06
7.29474e+06
4.88668e+06
3.84832e+06
2.71842e+06
5.00101e+06
1.44191e+07
2.76694e+06
5.84004e+06
3.43249e+06
1.33467e+07
2.84662e+06
8.28583e+06
7.11843e+06
8.41953e+06
9.32953e+06
9.86832e+06
6.23084e+06
7.73513e+06
1.03423e+07
6.74013e+06
5.89e+06
5.1753e+06
2.55369e+06
1.38227e+07
4.51523e+06
5.82731e+06
1.18616e+07
2.49841e+06
5.40532e+06
5.63748e+06
8.83385e+06
4.12421e+07
1.68081e+06
4.90713e+06
4.98568e+06
4.21068e+06
4.36461e+06
4.67849e+06
7.96901e+06
8.59257e+06
9.24779e+06
7.43429e+06
5.8198e+06
8.44464e+06
6.77772e+06
5.25639e+06
5.61135e+06
6.26414e+06
9.44311e+06
9.32749e+06
9.79187e+06
4.69094e+06
4.09293e+06
1.35635e+07
1.17036e+07
2.92766e+06
5.70254e+06
5.37626e+06
7.50861e+06
9.48914e+06
6.91385e+06
1.06347e+07
3.60242e+06
1.06699e+07
5.76578e+06
7.2751e+06
1.27349e+07
5.85619e+06
7.88649e+06
6.65712e+06
8.65036e+06
8.69193e+06
4.39271e+06
2.89984e+06
1.8258e+07
4.08552e+06
7.69517e+06
9.07772e+06
3.43035e+06
5.36993e+06
1.15915e+07
6.01977e+06
5.10942e+06
1.38895e+07
4.40466e+06
6.99326e+06
6.32482e+06
1.24434e+07
4.61278e+06
9.78283e+06
7.75208e+06
9.30262e+06
4.82953e+06
6.12465e+06
5.70291e+06
4.42814e+06
6.19623e+06
7.54162e+06
8.81436e+06
-263859.0
4.06042e+06
6.29005e+06
5.88077e+06
9.15872e+06
7.60161e+06
6.42403e+06
1.84344e+06
1.87983e+06
3.99037e+06
1.27144e+07
7.76021e+06
9.88115e+06
7.32454e+06
9.74304e+06
8.45015e+06
4.50117e+06
9.71625e+06
1.49776e+06
1.06275e+07
3.36927e+07
4.22204e+06
4.93759e+06
7.22938e+06
1.21698e+07
6.72912e+06
5.03265e+06
9.36293e+06
8.84094e+06
4.69673e+06
5.75675e+06
3.87757e+07
1.72012e+06
1.67774e+07
4.45515e+06
7.84528e+06
3.80325e+06
3.38906e+06
4.18929e+06
6.40209e+06
4.21274e+07
1.07016e+07
1.18643e+07
4.33636e+06
5.47356e+06
4.33638e+06
1.14132e+07
9.04389e+06
6.39171e+06
4.4007e+06
7.50819e+06
8.2992e+06
5.83404e+06
1.57481e+07
7.73606e+06
5.03801e+06
2.13998e+06
5.29298e+06
5.84945e+06
7.01962e+06
9.09443e+06
3.69583e+06
6.95583e+06
6.35445e+06
6.17163e+06
4.63866e+06
4.24289e+06
1.68718e+07
7.363e+06
1.03714e+07
5.19825e+06
7.8814e+06
6.73812e+06
1.04067e+07
7.68541e+06
7.12523e+06
8.36187e+06
3.92029e+06
3.77071e+06
5.24676e+06
9.14462e+06
9.22763e+06
4.40941e+06
4.15472e+06
9.79317e+06
5.64254e+06
7.34773e+06
8.21666e+06
1.68952e+07
1.46443e+07
6.73613e+06
6.26654e+06
1.75747e+07
6.35436e+06
4.81777e+06
1.6922e+07
7.10552e+06
7.35881e+06
3.12689e+06
5.00418e+06
8.82386e+06
5.23018e+06
8.45197e+06
5.18272e+06
5.45956e+06
-186968.0
6.42403e+06
3.85502e+06
3.94781e+06
5.98243e+06
4.26195e+06
7.24944e+06
2.6106e+07
6.42918e+06
5.52316e+06
7.38651e+06
2.64209e+06
3.0809e+07
2.93062e+06
4.13657e+06
1.12239e+07
5.55044e+06
3.16791e+06
6.11056e+06
4.22790e+06
6.62589e+06
6.45872e+06
4.52457e+06
4.46608e+06
8.719e+06
6.11548e+06
6.23166e+06
6.42859e+06
7.35488e+06
5.3208e+06
2.18204e+06
8.2913e+06
5.61135e+06
5.00642e+06
5.21196e+06
3.62233e+06
5.93321e+06
9.83384e+06
4.71332e+06
7.11832e+06
8.22968e+06
7.25167e+06
3.90717e+06
2.13537e+06
4.6374e+06
7.56715e+06
6.2532e+06
3.62187e+06
1.57188e+07
5.47399e+06
7.27943e+06
4.52899e+06
1.10263e+07
7.60198e+06
5.82195e+06
8.95175e+06
4.49353e+06
9.48831e+06
5.01702e+06
4.89305e+06
5.87518e+06
6.53414e+06
7.43603e+06
7.40149e+06
6.00278e+06
1.83483e+07
5.40877e+06
7.58237e+06
6.30828e+06
5.97948e+06
5.97294e+06
7.32438e+06
5.96245e+06
5.83182e+06
2.91354e+06
4.72178e+06
5.87322e+06
3.17076e+06
3.88976e+06
3.50262e+06
3.00822e+06
1.3065e+07
1.20811e+07
8.06236e+06
6.71609e+06
3.25676e+06
1.18672e+07
4.65896e+06
5.98134e+06
4.09942e+06
1.19814e+07
7.28305e+06
1.43329e+07
6.01044e+06
5.99996e+06
5.35749e+06
8.07176e+06
4.32464e+06
5.79371e+06
1.70157e+07
9.09828e+06
7.21841e+06
1.56809e+07
9.16589e+06
5.93168e+06
5.66536e+06
8.56801e+06
5.48501e+06
2.37984e+06
6.73285e+06
9.35956e+06
1.58864e+07
1.58149e+07
9.68494e+06
1.04655e+07
1.28109e+06
4.50025e+06
2.67808e+06
4.80812e+06
6.62980e+06
6.61062e+06
6.87807e+06
7.72227e+06
7.80072e+06
3.68619e+06
9.74222e+06
6.28508e+06
4.20844e+06
9.24494e+06
7.15689e+06
7.47399e+06
1.59962e+07
1.00932e+07
1.31776e+07
5.04934e+06
2.86381e+06
3.88372e+06
4.44842e+06
8.28531e+06
7.06432e+06
1.12825e+07
4.1489e+06
4.37761e+06
5.32096e+06
4.59206e+06
3.84363e+06
5.86554e+06
3.37847e+06
9.24311e+06
5.79302e+06
7.07251e+06
9.46732e+06
4.50088e+06
9.54031e+06
1.76444e+07
4.54845e+06
8.31799e+06
7.83072e+06
6.76245e+06
1.37493e+07
7.01097e+06
8.38866e+06
7.0912e+06
6.06161e+06
1.3877e+07
5.48758e+06
8.57488e+06
3.92807e+06
8.46626e+06
1.16186e+07
4.39551e+06
9.60896e+06
3.19681e+06
1.05881e+07
9.8686e+06
1.31927e+07
7.16058e+06
5.28927e+06
6.77447e+06
8.36245e+06
6.8323e+06
5.83859e+06
7.57958e+06
7.16335e+06
2.99221e+06
8.88287e+06
6.49901e+06
8.38977e+06
5.47985e+06
6.10278e+06
6.05261e+06
6.12035e+06
7.67099e+06
6.78056e+06
8.62252e+06
1.84261e+06
1.87492e+07
7.9154e+06
6.88277e+06
6.41160e+06
2.18231e+06
1.27624e+07
5.87709e+06
6.41743e+06
1.14644e+07
5.85151e+06
3.60219e+06
6.05652e+06
4.44097e+06
5.7134e+06
8.74324e+06
9.71512e+06
1.0833e+07
2.65603e+06
5.17184e+06
9.51212e+06
6.89658e+06
4.58856e+06
5.89586e+06
8.9316e+06
7.95558e+06
7.61956e+06
5.11836e+06
4.85963e+06
1.08498e+07
1.1701e+07
8.93653e+06
1.6382e+07
6.81234e+06
9.07508e+06
3.75754e+06
7.49985e+06
6.7991e+06
8.37852e+06
1.41677e+07
5.39668e+06
5.80962e+06
6.24556e+06
1.09784e+07
8.27229e+06
2.34375e+06
8.36252e+06
7.22922e+06
1.91302e+07
3.88426e+06
1.05115e+07
5.96694e+06
2.65111e+07
4.47629e+06
9.40297e+06
9.12607e+06
4.41551e+06
7.44703e+06
1.14813e+07
6.01254e+06
1.15268e+07
2.84931e+06
7.45861e+06
2.42732e+06
8.10071e+06
6.35988e+06
7.06128e+06
5.95348e+06
5.41631e+06
4.78324e+06
4.00764e+06
6.4771e+06
8.07267e+06
6.05324e+06
8.31201e+06
1.51422e+06
3.36399e+06
8.3785e+06
1.01092e+07
8.30283e+06
7.37269e+06
5.53186e+06
1.16732e+07
4.37826e+06
7.54202e+06
9.84057e+06
6.18333e+06
6.79107e+06
6.55972e+06
6.67332e+06
4.12586e+06
1.99485e+07
4.96386e+06
5.84901e+06
946704.0
5.08683e+06
8.43245e+06
1.88054e+07
7.39671e+06
4.60969e+06
7.34123e+06
5.71509e+06
6.56205e+06
3.2133e+06
9.87904e+06
7.35076e+06
1.17273e+07
1.46003e+07
6.1688e+06
7.01824e+06
4.82549e+06
5.67577e+06
8.11337e+06
1.38e+07
6.20479e+06
1.03437e+07
5.62873e+06
4.4562e+06
4.73658e+06
7.33872e+06
9.1447e+06
1.98876e+07
5.80348e+06
8.62885e+06
7.40623e+06
7.5785e+06
6.90361e+06
9.7419e+06
1.10634e+07
6.51855e+06
7.44522e+06
5.27012e+06
6.79136e+06
3.75614e+06
5.0287e+06
7.76438e+06
1.00129e+07
9.36392e+06
5.83186e+06
7.36108e+06
6.02342e+06
3.81627e+06
1.28169e+07
4.37196e+06
1.04459e+07
5.59708e+06
1.17351e+07
6.17886e+06
8.57421e+06
5.87893e+06
6.41717e+06
3.25959e+06
6.43022e+06
7.26376e+06
8.47586e+06
9.01304e+06
1.12527e+07
4.18159e+06
2.81575e+06
7.64731e+06
1.52257e+07
8.75514e+06
4.36822e+06
1.92467e+07
1.28524e+07
3.25354e+06
7.69283e+06
3.03854e+06
5.75368e+06
1.00135e+07
4.79941e+06
2.56708e+06
9.40283e+06
6.35879e+06
4.77843e+06
4.02034e+06
4.32047e+06
1.28726e+07
7.13892e+06
7.02564e+06
9.56846e+06
1.18497e+07
5.78958e+06
4.05628e+06
6.9202e+06
1.79904e+07
5.58438e+06
3.94858e+06
5.93576e+06
7.48582e+06
1.15667e+07
7.14411e+06
7.65617e+06
4.99429e+06
1.3534e+07
6.38679e+06
6.09399e+06
6.77776e+06
3.18008e+07
5.06497e+06
6.88766e+06
5.88154e+06
5.12177e+06
7.31977e+06
5.83597e+06
7.03236e+06
6.58064e+06
6.95364e+06
5.05124e+06
1.0126e+07
4.42813e+06
3.2811e+06
8.60373e+06
3.0045e+06
9.68915e+06
1.30544e+07
9.71025e+06
3.76775e+06
3.14854e+06
9.80542e+06
7.99092e+06
6.43957e+06
1.01321e+07
4.44754e+06
6.42446e+06
3.62762e+06
6.37208e+06
1.20198e+07
5.24078e+06
4.54794e+06
7.17364e+06
1.62515e+07
4.90356e+06
7.1228e+06
1.26398e+07
1.86476e+07
4.06727e+06
2.87063e+06
1.15721e+07
6.18994e+06
6.83974e+06
9.53832e+06
9.14977e+06
7.32705e+06
6.97255e+06
2.75424e+06
1.57928e+07
8.06299e+06
6.50241e+06
5.02905e+06
6.07446e+06
7.06086e+06
6.35874e+06
6.05392e+06
5.75546e+06
1.29574e+07
8.38572e+06
6.18077e+06
2.27479e+07
5.82297e+06
9.21756e+06
4.07614e+06
5.84088e+06
3.97391e+06
7.82841e+06
7.30807e+06
4.6597e+06
7.80169e+06
4.90467e+06
1.32461e+07
9.40232e+06
4.521e+06
7.69895e+06
7.25156e+06
9.73757e+06
6.29573e+06
6.59362e+06
6.07436e+06
9.29906e+06
1.01092e+07
1.46142e+07
5.29948e+06
8.93507e+06
6.72448e+06
2.78786e+06
7.05393e+06
1.18506e+07
4.74197e+06
8.03957e+06
6.49067e+06
8.17844e+06
6.50784e+06
8.61253e+06
1.10368e+07
3.11722e+06
9.50111e+06
1.13406e+07
6.70772e+06
1.27832e+07
1.16676e+07
8.72741e+06
4.33643e+06
3.2287e+06
1.31776e+07
6.20743e+06
5.10909e+06
9.19494e+06
6.31792e+06
7.71012e+06
5.65268e+06
4.16654e+06
1.19284e+07
8.63746e+06
5.49402e+06
1.27907e+07
5.39314e+07
1.49897e+07
1.47589e+07
6.51858e+06
5.12728e+06
4.02836e+06
6.28248e+06
6.12173e+06
8.06985e+06
4.39174e+06
6.02481e+06
9.66386e+06
6.81456e+06
2.64188e+06
1.46153e+07
4.70917e+06
3.43949e+06
7.07174e+06
1.09252e+07
6.25314e+06
1.01019e+07
1.28513e+07
4.43151e+06
4.56483e+06
7.38344e+06
6.09608e+06
7.70517e+06
5.63505e+06
5.50458e+06
7.46555e+06
9.88652e+06
1.60936e+07
9.04266e+06
6.32727e+06
5.84263e+06
1.10171e+07
5.22538e+06
3.66458e+06
8.67718e+06
3.96643e+06
4.16481e+06
6.01794e+06
5.31202e+06
2.70973e+07
5.64622e+06
6.42247e+06
6.17497e+06
4.98624e+06
4.30525e+06
6.36029e+06
3.42397e+06
6.45574e+06
5.27451e+06
4.9707e+06
8.43938e+06
7.8985e+06
1.13711e+07
7.40441e+06
8.33036e+06
7.87595e+06
2.7184e+06
8.02225e+06
6.59552e+06
3.68702e+06
1.03978e+07
9.59451e+06
7.64169e+06
6.62152e+06
4.59434e+06
5.80908e+06
4.96198e+06
7.617e+06
9.67821e+06
5.25563e+06
7.00702e+06
7.37697e+06
7.13574e+06
1.00157e+07
3.48042e+06
8.63477e+06
5.76953e+06
5.23273e+06
1.32841e+07
5.28746e+06
7.27272e+06
4.30525e+06
1.35649e+07
5.66579e+06
3.48160e+06
7.60502e+06
6.76439e+06
5.66956e+06
7.75984e+06
1.06886e+07
6.54115e+06
7.49184e+06
5.83717e+06
4.42453e+06
4.64125e+06
7.32295e+06
473621.0
1.4977e+07
4.13029e+06
7.72217e+06
4.96379e+06
3.76187e+06
3.66491e+06
5.007e+06
7.2125e+06
6.34412e+06
2.06448e+07
8.89613e+06
4.22604e+06
6.58464e+06
5.44675e+06
8.49513e+06
4.94147e+06
9.86931e+06
1.1735e+07
2.0444e+07
8.89805e+06
9.19442e+06
1.0372e+07
8.46307e+06
7.99547e+06
2.60649e+06
3.65388e+06
9.48352e+06
8.9633e+06
6.5756e+06
3.95885e+06
7.36586e+06
9.22029e+06
4.39392e+06
5.25918e+06
6.93175e+06
4.43409e+06
7.70586e+06
4.9294e+06
6.32332e+06
3.68034e+06
3.10117e+06
1.62407e+07
3.95735e+06
5.97294e+06
8.31451e+06
4.6597e+06
5.67948e+06
1.0571e+07
6.59073e+06
7.48265e+06
7.02245e+06
6.35836e+06
5.85552e+06
5.81907e+06
5.8386e+06
4.38998e+06
9.61759e+06
8.56372e+06
1.22672e+07
1.0386e+07
4.60276e+06
8.7706e+06
6.98046e+06
6.61114e+06
4.03705e+07
5.96514e+06
5.04792e+06
1.25209e+07
1.40737e+07
6.35133e+06
6.65832e+06
5.91359e+06
7.10229e+06
3.27513e+06
7.67961e+06
1.46861e+06
1.24306e+07
7.39638e+06
8.63173e+06
7.76893e+06
1.04783e+07
8.60418e+06
9.71662e+06
1.05262e+07
3.2347e+06
4.26694e+06
8.39315e+06
6.03999e+06
1.2877e+07
3.75904e+06
5.62515e+06
4.91412e+06
1.18863e+07
2.04754e+07
7.30438e+06
4.5851e+06
4.36625e+06
6.65288e+06
2.85724e+06
5.85966e+06
6.17423e+06
1.79505e+07
6.41888e+06
8.81297e+06
7.2362e+06
7.58831e+06
7.77887e+06
6.71526e+06
1.0849e+07
5.22556e+06
5.52806e+06
5.41154e+06
4.63294e+06
9.03632e+06
8.81831e+06
5.61362e+06
7.28558e+06
5.66361e+06
3.70859e+06
4.95863e+06
4.14558e+06
9.04666e+06
3.7881e+06
8.00191e+06
8.459e+06
1.15297e+07
9.89157e+06
4.53448e+06
2.65122e+06
2.26814e+06
5.18317e+06
6.46136e+06
8.29407e+06
6.89658e+06
8.33349e+06
6.93115e+06
6.68435e+06
8.70552e+06
5.57297e+06
5.0596e+06
4.93692e+06
8.51822e+06
9.3671e+06
7.44205e+06
6.03109e+06
9.26927e+06
1.01522e+07
4.82034e+06
1.17576e+07
4.14957e+06
4.17532e+06
3.46914e+06
5.13198e+06
1.09146e+07
4.86607e+06
5.91662e+06
4.5593e+06
4.91467e+06
6.79795e+06
4.19813e+06
9.83504e+06
6.78841e+06
7.20593e+06
4.23811e+06
7.08388e+06
5.35319e+06
6.27022e+06
3.30464e+06
6.15658e+06
1.16202e+07
5.08901e+06
6.97968e+06
4.02454e+06
4.97646e+06
5.87619e+06
5.9242e+06
5.03221e+06
5.06247e+06
4.55818e+06
6.60329e+06
1.50041e+07
6.16792e+06
8.34816e+06
4.49844e+06
4.97527e+06
5.86998e+06
9.46348e+06
8.64819e+06
5.2527e+06
1.47185e+07
4.53179e+06
6.89791e+06
2.24589e+06
7.01947e+06
6.12701e+06
3.06474e+06
7.49971e+06
5.43183e+06
1.56829e+07
4.01757e+06
5.007e+06
6.05115e+06
7.26466e+06
6.07274e+06
5.007e+06
5.92145e+06
5.74705e+06
5.77975e+06
3.09971e+06
2.91307e+06
1.04343e+07
4.71202e+06
3.05074e+06
9.73988e+06
3.62774e+06
8.51779e+06
1.06915e+07
6.03344e+06
4.53149e+06
4.01712e+06
4.2387e+06
9.21949e+06
7.05495e+06
3.91659e+06
4.91744e+06
5.96189e+06
4.86138e+06
3.40135e+06
1.3555e+07
5.49752e+06
4.2185e+06
4.3147e+06
5.1036e+06
7.09726e+06
6.1613e+06
6.19099e+06
1.86217e+07
4.06179e+06
7.97412e+06
1.11853e+07
3.71605e+06
5.44203e+06
1.69875e+07
9.52889e+06
6.35436e+06
9.15026e+06
8.73147e+06
7.47847e+06
1.26549e+07
4.58433e+06
1.54678e+06
9.00342e+06
1.1848e+07
5.7036e+06
6.79316e+06
6.35677e+06
6.16321e+06
6.91113e+06
1.08279e+07
7.79334e+06
4.3522e+06
7.36494e+06
6.06071e+06
1.90928e+06
5.80147e+06
1.27282e+07
5.55426e+06
6.2919e+06
1.13074e+07
7.78415e+06
6.50015e+06
6.2113e+06
4.72354e+06
2.86641e+06
1.27186e+06
1.06023e+07
8.26652e+06
5.48378e+06
2.43673e+06
4.94682e+06
1.87059e+06
1.34802e+07
4.24166e+06
4.30717e+06
7.11953e+06
6.90936e+06
1.06792e+07
1.11602e+07
7.55098e+06
8.88175e+06
1.06154e+07
7.28665e+06
5.36033e+06
3.68706e+06
8.5441e+06
1.44581e+07
4.98006e+06
2.98913e+06
8.78403e+06
8.47278e+06
4.77030e+06
5.73592e+06
8.91523e+06
7.35896e+06
4.61649e+06
7.94003e+06
8.29455e+06
8.97967e+06
7.12639e+06
4.26114e+06
3.4278e+06
4.08552e+06
7.62348e+06
6.44881e+06
1.2468e+07
1.01851e+07
1.18039e+07
1.51461e+07
6.57474e+06
9.88671e+06
4.62233e+06
5.7442e+06
8.05261e+06
3.25994e+06
5.92229e+06
1.46609e+07
1.32314e+07
6.53823e+06
7.10593e+06
4.9114e+06
1.92018e+07
9.84304e+06
4.20227e+06
1.26185e+07
4.59093e+06
7.01973e+06
3.59576e+06
5.73899e+06
4.52208e+06
3.48288e+06
8.19997e+06
1.78658e+07
7.00786e+06
2.40318e+06
4.43986e+06
4.78347e+06
1.29288e+07
1.23382e+07
7.08841e+06
1.03204e+07
2.82369e+07
6.32881e+06
6.01401e+06
4.88437e+06
7.25827e+06
3.4159e+06
2.14021e+07
5.5278e+06
6.06596e+06
4.48464e+06
6.744e+06
1.23156e+07
3.01161e+06
9.70618e+06
4.3901e+06
9.53646e+06
4.45625e+06
4.48597e+06
5.50003e+06
5.09115e+06
7.28558e+06
3.60833e+06
8.20234e+06
6.60954e+06
4.78372e+06
1.36299e+07
4.92502e+06
7.21593e+06
5.17008e+06
6.51552e+06
7.7141e+06
5.3061e+06
4.48172e+06
4.552e+06
8.60739e+06
5.66163e+06
3.97529e+06
4.82431e+06
1.59339e+07
4.36413e+06
4.16405e+06
6.16041e+06
1.38252e+07
5.95954e+06
3.92789e+06
1.18358e+06
7.96849e+06
1.05209e+07
9.21393e+06
8.18519e+06
7.21631e+06
6.5756e+06
1.37908e+07
1.17148e+07
6.26345e+06
1.43933e+07
3.88078e+06
4.57769e+06
8.13491e+06
8.6531e+06
1.15667e+07
4.82268e+06
7.71258e+06
5.52012e+06
6.39278e+06
5.05808e+06
3.13415e+06
2.24069e+06
1.02494e+07
7.1807e+06
2.43123e+07
1.04252e+07
6.65376e+06
7.08859e+06
5.0389e+06
2.98886e+06
5.06164e+06
6.5699e+06
6.20008e+06
9.71708e+06
8.07305e+06
8.39462e+06
1.73385e+07
1.71758e+07
3.12539e+06
8.88142e+06
5.97294e+06
1.25853e+07
7.75208e+06
5.83321e+06
5.56899e+06
6.1396e+06
1.09427e+07
1.17873e+07
9.07988e+06
1.01681e+07
6.81967e+06
3.25538e+06
8.54821e+06
7.15904e+06
9.061e+06
7.10747e+06
1.01827e+07
6.06804e+06
3.82361e+06
4.97977e+06
5.4681e+06
1.08751e+07
6.89985e+06
6.26794e+06
6.33192e+06
5.87785e+06
3.87484e+07
6.96449e+06
4.75344e+06
2.19665e+07
6.98128e+06
6.31777e+06
7.02723e+06
1.15026e+07
1.43788e+07
6.64755e+06
1.02039e+07
7.82978e+06
1.16256e+07
7.08415e+06
3.86691e+06
4.66203e+06
5.19002e+06
5.84485e+06
5.79434e+06
6.3121e+06
3.99693e+06
7.4349e+06
1.291e+07
3.76844e+06
1.13502e+07
9.00032e+06
9.00032e+06
5.2167e+06
4.80998e+06
1.14223e+07
7.81927e+06
4.49878e+06
6.30008e+06
1.06905e+07
4.44415e+06
7.3888e+06
7.50672e+06
4.58251e+06
1.16292e+07
1.0491e+07
1.16390e+07
5.52695e+06
6.2172e+06
7.24109e+06
4.30426e+06
1.01628e+07
1.02057e+07
6.74142e+06
7.06543e+06
1.08138e+07
9.05114e+06
7.9834e+06
5.04148e+06
7.00274e+06
974413.0
7.30656e+06
7.81177e+06
6.69814e+06
8.32605e+06
8.2316e+06
5.57034e+06
8.85264e+06
4.41522e+06
5.07561e+06
7.05635e+06
7.4711e+06
4.91112e+06
7.41361e+06
7.40349e+06
1.71667e+07
6.53075e+06
8.57856e+06
5.22229e+06
8.68339e+06
7.64478e+06
9.69906e+06
8.36577e+06
4.81481e+06
4.98918e+06
4.05864e+06
5.55876e+06
4.81083e+06
6.82214e+06
7.03436e+06
-1.81335e+06
2.15327e+07
9.28153e+06
3.95284e+06
1.65749e+07
5.02494e+06
1.14691e+07
8.62034e+06
5.20618e+06
2.4484e+06
5.88182e+06
3.9728e+06
1.09398e+07
7.61869e+06
6.50091e+06
8.46008e+06
4.31344e+06
1.3738e+07
5.39437e+06
1.0573e+07
3.86472e+06
9.45884e+06
4.46036e+06
5.19634e+06
8.03275e+06
6.65491e+06
4.26325e+06
4.86784e+06
5.2404e+06
6.75547e+06
1.24258e+07
8.97114e+06
8.68239e+06
3.35475e+06
7.54678e+06
8.05773e+06
9.11321e+06
1.14885e+07
5.33974e+06
6.82016e+06
1.36931e+07
8.4099e+06
5.5401e+06
9.23662e+06
7.55206e+06
4.84561e+06
4.85774e+06
8.27626e+06
4.6703e+06
2.84283e+07
1.32658e+07
5.66808e+06
3.19687e+06
1.89545e+07
5.37052e+06
4.39623e+06
5.46552e+06
5.27086e+06
5.18314e+06
6.79718e+06
6.39265e+06
9.39632e+06
3.20754e+06
4.28511e+06
1.159e+07
4.97791e+06
1.31593e+07
7.17746e+06
4.72121e+06
5.56388e+06
5.32813e+06
2.56749e+06
7.83414e+06
3.00726e+07
7.24781e+06
4.47038e+06
7.11508e+06
8.85378e+06
5.99514e+06
6.07866e+06
5.98286e+06
3.90618e+06
6.85837e+06
1.39065e+07
1.55563e+07
3.69664e+06
9.38216e+06
7.05907e+06
9.40114e+06
6.65306e+06
7.03635e+06
9.93388e+06
5.93392e+06
1.01284e+07
7.97598e+06
4.79144e+06
1.07218e+07
7.05105e+06
5.92109e+06
1.57013e+06
4.95789e+06
3.89029e+06
6.92023e+06
6.15631e+06
8.78222e+06
7.89071e+06
6.94146e+06
4.43277e+06
4.73135e+06
1.32387e+07
3.89402e+06
3.05074e+06
3.0997e+06
5.17612e+06
8.10908e+06
9.68877e+06
6.32382e+06
2.35766e+06
6.80128e+06
4.87199e+06
1.41681e+06
4.98135e+06
4.50895e+06
1.00162e+07
1.24931e+07
8.73433e+06
1.35953e+07
4.01093e+06
8.85457e+06
4.17963e+06
5.58149e+06
7.76587e+06
3.22967e+06
6.28468e+06
7.95663e+06
1.37863e+07
5.8208e+06
8.16273e+06
1.25571e+07
6.26179e+06
3.82835e+06
3.46802e+06
8.69486e+06
1.38987e+07
4.97939e+06
2.02876e+07
5.06396e+06
1.09855e+07
5.66206e+06
1.70091e+07
1.93063e+06
6.18981e+06
1.05294e+07
2.64741e+06
6.70121e+06
9.55421e+06
1.41933e+06
6.91708e+06
7.24447e+06
7.24796e+06
8.00556e+06
6.04144e+06
8.94842e+06
5.58657e+06
4.91515e+06
6.4445e+06
5.68947e+06
4.98566e+06
6.34242e+06
6.11706e+06
3.98325e+06
9.08684e+06
8.33945e+06
7.97235e+06
4.24967e+06
4.20742e+06
9.32931e+06
5.61648e+06
4.1337e+06
6.19810e+06
4.68632e+06
5.14694e+06
7.00617e+06
9.29093e+06
5.50527e+06
9.82917e+06
8.82541e+06
4.72674e+06
1.0823e+07
1.45869e+07
4.78433e+06
1.07131e+07
7.18778e+06
5.10196e+06
1.41215e+07
5.61870e+06
1.25562e+07
4.15924e+06
5.5672e+06
7.01498e+06
4.19421e+06
1.22781e+07
3.88314e+06
8.4009e+06
4.98775e+06
5.60975e+06
6.30874e+06
3.31618e+06
7.73934e+06
6.55394e+06
5.78623e+06
4.31664e+06
1.36619e+07
7.4724e+06
4.19018e+06
8.72104e+06
8.508e+06
5.52115e+06
1.38563e+07
8.4296e+06
5.33974e+06
4.95789e+06
5.38224e+06
6.14974e+06
5.23646e+06
6.86213e+06
8.99313e+06
9.5755e+06
7.32349e+06
8.425e+06
9.24197e+06
4.96668e+06
8.0873e+06
7.64075e+06
7.41193e+06
9.06315e+06
1.69647e+07
8.77941e+06
7.20287e+06
6.93529e+06
6.18241e+06
6.56238e+06
4.86271e+06
6.41156e+06
5.41056e+06
4.12697e+06
8.5705e+06
5.99081e+06
1.01111e+07
1.66993e+07
3.85448e+06
7.33866e+06
4.58131e+06
7.12715e+06
5.73833e+06
8.35544e+06
7.1331e+06
6.73023e+06
5.31571e+06
1.10689e+07
1.27008e+07
5.41047e+07
3.52139e+06
8.17425e+06
5.3779e+06
6.35268e+06
6.14851e+06
9.86205e+06
2.005e+07
6.25072e+06
9.21766e+06
7.76621e+06
5.12674e+06
5.28286e+06
4.97952e+06
9.35725e+06
9.03799e+06
2.44207e+06
7.04997e+06
9.13892e+06
4.7037e+06
4.37462e+06
3.70979e+06
1.57829e+07
5.35454e+06
7.84895e+06
7.26614e+06
6.08919e+06
7.74912e+06
4.77209e+06
5.25928e+06
1.38456e+07
6.41618e+06
5.22356e+06
1.0849e+07
8.54588e+06
3.92899e+06
7.36799e+06
9.86876e+06
2.19299e+06
1.53873e+07
4.62388e+06
4.64494e+06
6.45872e+06
5.1926e+06
3.76826e+06
9.50078e+06
7.96033e+06
6.9222e+06
8.11246e+06
7.31605e+06
6.02279e+06
8.75047e+06
5.93105e+06
3.20072e+06
5.76248e+06
7.05351e+06
8.01062e+06
6.19041e+06
7.12340e+06
2.91069e+06
3.5695e+06
5.14078e+06
1.0268e+07
6.84182e+06
4.54298e+06
4.22912e+06
4.7055e+06
6.50345e+06
6.48952e+06
1.37173e+07
8.87499e+06
9.42737e+06
6.0967e+06
7.0798e+06
4.30224e+06
6.90142e+06
6.60858e+06
8.21851e+06
1.15433e+07
5.64115e+06
1.25842e+07
6.51342e+06
5.79539e+06
1.01195e+07
1.14191e+07
8.95328e+06
1.35603e+07
7.67802e+06
1.24321e+07
4.31638e+06
9.69885e+06
4.07712e+06
4.5432e+06
8.835e+06
6.04532e+06
6.90511e+06
5.65970e+06
9.35891e+06
5.92554e+06
5.35086e+06
7.52659e+06
8.80613e+06
1.59764e+07
9.90394e+06
4.45313e+06
7.20977e+06
7.6011e+06
7.265e+06
5.23424e+06
4.57686e+06
7.22458e+06
1.44534e+07
6.95982e+06
1.08848e+07
8.10681e+06
1.1005e+07
4.34732e+06
3.04914e+06
9.18215e+06
8.49585e+06
7.13126e+06
4.87199e+06
1.07134e+07
1.03223e+07
1.17281e+06
7.02298e+06
5.36867e+06
1.93344e+07
6.97446e+06
6.84134e+06
6.45091e+06
1.18042e+07
6.52294e+06
3.87932e+06
1.26748e+07
8.62572e+06
6.84341e+06
1.35397e+07
5.66574e+06
5.88886e+06
1.72766e+07
6.06596e+06
6.44087e+06
4.21691e+06
1.28088e+07
5.67973e+06
1.16719e+07
3.17587e+06
4.41506e+06
5.63639e+06
1.53355e+07
1.50525e+07
6.87056e+06
8.64143e+06
8.65485e+06
3.07771e+06
1.32413e+07
4.95219e+06
1.54665e+07
6.07274e+06
9.18514e+06
5.23976e+06
1.48474e+07
8.2358e+06
9.32672e+06
6.92964e+06
3.40239e+06
1.27132e+07
7.47629e+06
3.49723e+06
4.49878e+06
3.03854e+06
9.51522e+06
6.56625e+06
4.24836e+06
7.85861e+06
6.73023e+06
6.55615e+06
4.15999e+06
8.35988e+06
1.86423e+06
5.28513e+06
3.29964e+06
7.06976e+06
8.14611e+06
5.57962e+06
4.72968e+06
2.18409e+06
3.87388e+06
4.44128e+06
9.44453e+06
4.87199e+06
4.2128e+06
5.63674e+06
7.50841e+06
